-6.499021987995219796e+00
-6.466198644621506730e+00
-6.433375301247793665e+00
-6.400551957874080600e+00
-6.367728614500366646e+00
-6.334905271126653581e+00
-6.302081927752940516e+00
-6.269258584379227450e+00
-6.236435241005514385e+00
-6.203611897631800431e+00
-6.170788554258087366e+00
-6.137965210884374301e+00
-6.105141867510661235e+00
-6.072318524136948170e+00
-6.039495180763234217e+00
-6.006671837389521151e+00
-5.973848494015808086e+00
-5.941025150642095021e+00
-5.908201807268381955e+00
-5.875378463894668890e+00
-5.842555120520954937e+00
-5.809731777147241871e+00
-5.776908433773528806e+00
-5.744085090399815741e+00
-5.711261747026102675e+00
-5.678438403652388722e+00
-5.645615060278675656e+00
-5.612791716904962591e+00
-5.579968373531249526e+00
-5.547145030157536461e+00
-5.514321686783823395e+00
-5.481498343410109442e+00
-5.448675000036396376e+00
-5.415851656662683311e+00
-5.383028313288970246e+00
-5.350204969915257180e+00
-5.317381626541543227e+00
-5.284558283167830162e+00
-5.251734939794117096e+00
-5.218911596420404031e+00
-5.186088253046690966e+00
-5.153264909672977012e+00
-5.120441566299263947e+00
-5.087618222925550882e+00
-5.054794879551837816e+00
-5.021971536178124751e+00
-4.989148192804410797e+00
-4.956324849430697732e+00
-4.923501506056984667e+00
-4.890678162683271601e+00
-4.857854819309558536e+00
-4.825031475935845471e+00
-4.792208132562131517e+00
-4.759384789188418452e+00
-4.726561445814705387e+00
-4.693738102440992321e+00
-4.660914759067279256e+00
-4.628091415693565303e+00
-4.595268072319852237e+00
-4.562444728946139172e+00
-4.529621385572426107e+00
-4.496798042198713041e+00
-4.463974698824999976e+00
-4.431151355451286022e+00
-4.398328012077572957e+00
-4.365504668703859892e+00
-4.332681325330146827e+00
-4.299857981956433761e+00
-4.267034638582719808e+00
-4.234211295209006742e+00
-4.201387951835293677e+00
-4.168564608461580612e+00
-4.135741265087867546e+00
-4.102917921714153593e+00
-4.070094578340440528e+00
-4.037271234966727462e+00
-4.004447891593014397e+00
-3.971624548219300888e+00
-3.938801204845587822e+00
-3.905977861471874757e+00
-3.873154518098161248e+00
-3.840331174724448182e+00
-3.807507831350735117e+00
-3.774684487977021607e+00
-3.741861144603308542e+00
-3.709037801229595033e+00
-3.676214457855881967e+00
-3.643391114482168902e+00
-3.610567771108455393e+00
-3.577744427734742327e+00
-3.544921084361028818e+00
-3.512097740987315753e+00
-3.479274397613602687e+00
-3.446451054239889178e+00
-3.413627710866176113e+00
-3.380804367492463047e+00
-3.347981024118749538e+00
-3.315157680745036473e+00
-3.282334337371323407e+00
-3.249510993997609898e+00
-3.216687650623896833e+00
-3.183864307250183323e+00
-3.151040963876470258e+00
-3.118217620502757192e+00
-3.085394277129043683e+00
-3.052570933755330618e+00
-3.019747590381617108e+00
-2.986924247007904043e+00
-2.954100903634190978e+00
-2.921277560260477468e+00
-2.888454216886764403e+00
-2.855630873513051338e+00
-2.822807530139337828e+00
-2.789984186765624763e+00
-2.757160843391911698e+00
-2.724337500018198188e+00
-2.691514156644485123e+00
-2.658690813270771613e+00
-2.625867469897058548e+00
-2.593044126523345483e+00
-2.560220783149631973e+00
-2.527397439775918908e+00
-2.494574096402205399e+00
-2.461750753028492333e+00
-2.428927409654779268e+00
-2.396104066281065759e+00
-2.363280722907352693e+00
-2.330457379533639628e+00
-2.297634036159926119e+00
-2.264810692786213053e+00
-2.231987349412499988e+00
-2.199164006038786479e+00
-2.166340662665073413e+00
-2.133517319291359904e+00
-2.100693975917646839e+00
-2.067870632543933773e+00
-2.035047289170220264e+00
-2.002223945796507198e+00
-1.969400602422793911e+00
-1.936577259049080624e+00
-1.903753915675367558e+00
-1.870930572301654271e+00
-1.838107228927940984e+00
-1.805283885554227696e+00
-1.772460542180514409e+00
-1.739637198806801344e+00
-1.706813855433088056e+00
-1.673990512059374769e+00
-1.641167168685661704e+00
-1.608343825311948416e+00
-1.575520481938235129e+00
-1.542697138564521842e+00
-1.509873795190808554e+00
-1.477050451817095489e+00
-1.444227108443382201e+00
-1.411403765069668914e+00
-1.378580421695955849e+00
-1.345757078322242561e+00
-1.312933734948529274e+00
-1.280110391574815987e+00
-1.247287048201102699e+00
-1.214463704827389634e+00
-1.181640361453676347e+00
-1.148817018079963059e+00
-1.115993674706249994e+00
-1.083170331332536707e+00
-1.050346987958823419e+00
-1.017523644585110132e+00
-9.847003012113969556e-01
-9.518769578376837792e-01
-9.190536144639704919e-01
-8.862302710902572045e-01
-8.534069277165440282e-01
-8.205835843428308518e-01
-7.877602409691175644e-01
-7.549368975954042771e-01
-7.221135542216911007e-01
-6.892902108479779244e-01
-6.564668674742646370e-01
-6.236435241005513497e-01
-5.908201807268381733e-01
-5.579968373531249970e-01
-5.251734939794117096e-01
-4.923501506056984778e-01
-4.595268072319852459e-01
-4.267034638582720141e-01
-3.938801204845587822e-01
-3.610567771108455504e-01
-3.282334337371323185e-01
-2.954100903634190867e-01
-2.625867469897058548e-01
-2.297634036159926230e-01
-1.969400602422793911e-01
-1.641167168685661593e-01
-1.312933734948529274e-01
-9.847003012113969556e-02
-6.564668674742646370e-02
-3.282334337371323185e-02
-0.000000000000000000e+00
0.000000000000000000e+00
3.282334337386029477e-02
6.564668674772058954e-02
9.847003012158088431e-02
1.312933734954411791e-01
1.641167168693014600e-01
1.969400602431617686e-01
2.297634036170220773e-01
2.625867469908823582e-01
2.954100903647426390e-01
3.282334337386029199e-01
3.610567771124632563e-01
3.938801204863235372e-01
4.267034638601838181e-01
4.595268072340441545e-01
4.923501506079044354e-01
5.251734939817647163e-01
5.579968373556249972e-01
5.908201807294852781e-01
6.236435241033455590e-01
6.564668674772058399e-01
6.892902108510662318e-01
7.221135542249265127e-01
7.549368975987867936e-01
7.877602409726470745e-01
8.205835843465073554e-01
8.534069277203676362e-01
8.862302710942279171e-01
9.190536144680883091e-01
9.518769578419485899e-01
9.847003012158088708e-01
1.017523644589669152e+00
1.050346987963529433e+00
1.083170331337389714e+00
1.115993674711249994e+00
1.148817018085110275e+00
1.181640361458970556e+00
1.214463704832830837e+00
1.247287048206691118e+00
1.280110391580551399e+00
1.312933734954411680e+00
1.345757078328272183e+00
1.378580421702132464e+00
1.411403765075992744e+00
1.444227108449853025e+00
1.477050451823713306e+00
1.509873795197573587e+00
1.542697138571433868e+00
1.575520481945294149e+00
1.608343825319154430e+00
1.641167168693014711e+00
1.673990512066874992e+00
1.706813855440735272e+00
1.739637198814595553e+00
1.772460542188455834e+00
1.805283885562316115e+00
1.838107228936176618e+00
1.870930572310036899e+00
1.903753915683897180e+00
1.936577259057757461e+00
1.969400602431617742e+00
2.002223945805477801e+00
2.035047289179338303e+00
2.067870632553198362e+00
2.100693975927058865e+00
2.133517319300919368e+00
2.166340662674779427e+00
2.199164006048639930e+00
2.231987349422499989e+00
2.264810692796360492e+00
2.297634036170220551e+00
2.330457379544081054e+00
2.363280722917941112e+00
2.396104066291801615e+00
2.428927409665661674e+00
2.461750753039522177e+00
2.494574096413382236e+00
2.527397439787242739e+00
2.560220783161102798e+00
2.593044126534963301e+00
2.625867469908823360e+00
2.658690813282683862e+00
2.691514156656544365e+00
2.724337500030404424e+00
2.757160843404264927e+00
2.789984186778124986e+00
2.822807530151985489e+00
2.855630873525845548e+00
2.888454216899706051e+00
2.921277560273566110e+00
2.954100903647426613e+00
2.986924247021286671e+00
3.019747590395147174e+00
3.052570933769007233e+00
3.085394277142867736e+00
3.118217620516727795e+00
3.151040963890588298e+00
3.183864307264448801e+00
3.216687650638308860e+00
3.249510994012169363e+00
3.282334337386029421e+00
3.315157680759889924e+00
3.347981024133749983e+00
3.380804367507610486e+00
3.413627710881470545e+00
3.446451054255331048e+00
3.479274397629191107e+00
3.512097741003051610e+00
3.544921084376911669e+00
3.577744427750772171e+00
3.610567771124632230e+00
3.643391114498492733e+00
3.676214457872353236e+00
3.709037801246213295e+00
3.741861144620073798e+00
3.774684487993933857e+00
3.807507831367794360e+00
3.840331174741654419e+00
3.873154518115514922e+00
3.905977861489374980e+00
3.938801204863235483e+00
3.971624548237095542e+00
4.004447891610955601e+00
4.037271234984816104e+00
4.070094578358676607e+00
4.102917921732537110e+00
4.135741265106396725e+00
4.168564608480257228e+00
4.201387951854117730e+00
4.234211295227978233e+00
4.267034638601838736e+00
4.299857981975698351e+00
4.332681325349558854e+00
4.365504668723419357e+00
4.398328012097279860e+00
4.431151355471139475e+00
4.463974698844999978e+00
4.496798042218860481e+00
4.529621385592720983e+00
4.562444728966580598e+00
4.595268072340441101e+00
4.628091415714301604e+00
4.660914759088162107e+00
4.693738102462021722e+00
4.726561445835882225e+00
4.759384789209742728e+00
4.792208132583603231e+00
4.825031475957463734e+00
4.857854819331323348e+00
4.890678162705183851e+00
4.923501506079044354e+00
4.956324849452904857e+00
4.989148192826764472e+00
5.021971536200624975e+00
5.054794879574485478e+00
5.087618222948345981e+00
5.120441566322205595e+00
5.153264909696066098e+00
5.186088253069926601e+00
5.218911596443787104e+00
5.251734939817646719e+00
5.284558283191507222e+00
5.317381626565367725e+00
5.350204969939228228e+00
5.383028313313088731e+00
5.415851656686948346e+00
5.448675000060808848e+00
5.481498343434669351e+00
5.514321686808529854e+00
5.547145030182389469e+00
5.579968373556249972e+00
5.612791716930110475e+00
5.645615060303970978e+00
5.678438403677830593e+00
5.711261747051691096e+00
5.744085090425551599e+00
5.776908433799412101e+00
5.809731777173272604e+00
5.842555120547132219e+00
5.875378463920992722e+00
5.908201807294853225e+00
5.941025150668713728e+00
5.973848494042573343e+00
6.006671837416433846e+00
6.039495180790294349e+00
6.072318524164154852e+00
6.105141867538014466e+00
6.137965210911874969e+00
6.170788554285735472e+00
6.203611897659595975e+00
6.236435241033455590e+00
6.269258584407316093e+00
6.302081927781176596e+00
6.334905271155037099e+00
6.367728614528897602e+00
6.400551957902757216e+00
6.433375301276617719e+00
6.466198644650478222e+00
6.499021988024338725e+00
6.531845331398198340e+00
