9.996082652091351495e-01 0.000000000000000000e+00 -8.169585288327645058e-05
9.996075658928079699e-01 0.000000000000000000e+00 -8.169527628657506256e-05
9.996068651014916595e-01 0.000000000000000000e+00 -8.169469847372297280e-05
9.996061619793239483e-01 0.000000000000000000e+00 -8.169411873904974168e-05
9.996054556704443428e-01 0.000000000000000000e+00 -8.169353637688515999e-05
9.996047453189917942e-01 0.000000000000000000e+00 -8.169295068155891008e-05
9.996040300691050318e-01 0.000000000000000000e+00 -8.169236094740068785e-05
9.996033090649221187e-01 0.000000000000000000e+00 -8.169176646874010789e-05
9.996025814505821172e-01 0.000000000000000000e+00 -8.169116653990693389e-05
9.996018463702239787e-01 0.000000000000000000e+00 -8.169056045523082109e-05
9.996011029679867654e-01 0.000000000000000000e+00 -8.168994750904149250e-05
9.996003503880084295e-01 0.000000000000000000e+00 -8.168932699566858982e-05
9.995995877744285885e-01 0.000000000000000000e+00 -8.168869820944184962e-05
9.995988142713855273e-01 0.000000000000000000e+00 -8.168806044469094070e-05
9.995980290230181975e-01 0.000000000000000000e+00 -8.168741299574555897e-05
9.995972311734646620e-01 0.000000000000000000e+00 -8.168675515693534612e-05
9.995964198668643164e-01 0.000000000000000000e+00 -8.168608622259002517e-05
9.995955942473561118e-01 0.000000000000000000e+00 -8.168540548703931913e-05
9.995947534590782224e-01 0.000000000000000000e+00 -8.168471224461288326e-05
9.995938966461698216e-01 0.000000000000000000e+00 -8.168400578964039990e-05
9.995930229527694166e-01 0.000000000000000000e+00 -8.168328541645156497e-05
9.995921315230159587e-01 0.000000000000000000e+00 -8.168255041937607438e-05
9.995912215010481772e-01 0.000000000000000000e+00 -8.168180009274362402e-05
9.995902920310050233e-01 0.000000000000000000e+00 -8.168103373088390982e-05
9.995893422570246711e-01 0.000000000000000000e+00 -8.168025062812657347e-05
9.995883713232465162e-01 0.000000000000000000e+00 -8.167945007880136508e-05
9.995873783738086216e-01 0.000000000000000000e+00 -8.167863137723789925e-05
9.995863625528500496e-01 0.000000000000000000e+00 -8.167779381776593965e-05
9.995853230045098625e-01 0.000000000000000000e+00 -8.167693669471511443e-05
9.995842588729267897e-01 0.000000000000000000e+00 -8.167605930241518726e-05
9.995831693022395603e-01 0.000000000000000000e+00 -8.167516093519581338e-05
9.995820534365863486e-01 0.000000000000000000e+00 -8.167424088738664805e-05
9.995809104201065498e-01 0.000000000000000000e+00 -8.167329845331740073e-05
9.995797393969385602e-01 0.000000000000000000e+00 -8.167233292731776732e-05
9.995785395112211091e-01 0.000000000000000000e+00 -8.167134360371744374e-05
9.995773099070934808e-01 0.000000000000000000e+00 -8.167032977684608524e-05
9.995760497286939605e-01 0.000000000000000000e+00 -8.166929074103345548e-05
9.995747581201613885e-01 0.000000000000000000e+00 -8.166822579060914195e-05
9.995734342256346050e-01 0.000000000000000000e+00 -8.166713421990292189e-05
9.995720771892522283e-01 0.000000000000000000e+00 -8.166601532324442342e-05
9.995706861551528766e-01 0.000000000000000000e+00 -8.166486839496335602e-05
9.995692602674759453e-01 0.000000000000000000e+00 -8.166369272938942914e-05
9.995677986703594975e-01 0.000000000000000000e+00 -8.166248762085231159e-05
9.995663005079423735e-01 0.000000000000000000e+00 -8.166125236368168571e-05
9.995647649243639687e-01 0.000000000000000000e+00 -8.165998625220728809e-05
9.995631910637624573e-01 0.000000000000000000e+00 -8.165868858075876042e-05
9.995615780702770126e-01 0.000000000000000000e+00 -8.165735864366579859e-05
9.995599250880453646e-01 0.000000000000000000e+00 -8.165599573525805788e-05
9.995582312612074638e-01 0.000000000000000000e+00 -8.165459914986528838e-05
9.995564957339014844e-01 0.000000000000000000e+00 -8.165316818181717247e-05
9.995547176502665998e-01 0.000000000000000000e+00 -8.165170212544339248e-05
9.995528961544408730e-01 0.000000000000000000e+00 -8.165020027507359013e-05
9.995510303905634775e-01 0.000000000000000000e+00 -8.164866192503750198e-05
9.995491195027732534e-01 0.000000000000000000e+00 -8.164708636966482394e-05
9.995471626352090411e-01 0.000000000000000000e+00 -8.164547290328521125e-05
9.995451589320095698e-01 0.000000000000000000e+00 -8.164382082022842758e-05
9.995431075373129026e-01 0.000000000000000000e+00 -8.164212941482404688e-05
9.995410075952584350e-01 0.000000000000000000e+00 -8.164039798140181926e-05
9.995388582499852292e-01 0.000000000000000000e+00 -8.163862581429145418e-05
9.995366586456314595e-01 0.000000000000000000e+00 -8.163681220782260689e-05
9.995344079263358550e-01 0.000000000000000000e+00 -8.163495645632495976e-05
9.995321052362375891e-01 0.000000000000000000e+00 -8.163305785412824933e-05
9.995297497194750580e-01 0.000000000000000000e+00 -8.163111569556213087e-05
9.995273405201871020e-01 0.000000000000000000e+00 -8.162912927495627317e-05
9.995248767825126723e-01 0.000000000000000000e+00 -8.162709788664042636e-05
9.995223576505902763e-01 0.000000000000000000e+00 -8.162502082494420502e-05
9.995197822685588651e-01 0.000000000000000000e+00 -8.162289738419737284e-05
9.995171497805571681e-01 0.000000000000000000e+00 -8.162072685872955795e-05
9.995144593307240255e-01 0.000000000000000000e+00 -8.161850854287049691e-05
9.995117100631978335e-01 0.000000000000000000e+00 -8.161624173094985855e-05
9.995089011221174324e-01 0.000000000000000000e+00 -8.161392571729728454e-05
9.995060316516218846e-01 0.000000000000000000e+00 -8.161155979624255211e-05
9.995031007958498082e-01 0.000000000000000000e+00 -8.160914326211530297e-05
9.995001076989398214e-01 0.000000000000000000e+00 -8.160667540924520591e-05
9.994970515050307647e-01 0.000000000000000000e+00 -8.160415553196199751e-05
9.994939313582618112e-01 0.000000000000000000e+00 -8.160158292459534655e-05
9.994907464027711352e-01 0.000000000000000000e+00 -8.159895688147493541e-05
9.994874957826972439e-01 0.000000000000000000e+00 -8.159627669693043288e-05
9.994841786421798657e-01 0.000000000000000000e+00 -8.159354166529158908e-05
9.994807941253569528e-01 0.000000000000000000e+00 -8.159075108088803215e-05
9.994773413763677894e-01 0.000000000000000000e+00 -8.158790423804951222e-05
9.994738195393504387e-01 0.000000000000000000e+00 -8.158500043110564388e-05
9.994702277584441852e-01 0.000000000000000000e+00 -8.158203895438613659e-05
9.994665685258561361e-01 0.000000000000000000e+00 -8.157902186275260161e-05
9.994628551216186985e-01 0.000000000000000000e+00 -8.157596010578945845e-05
9.994590854407625624e-01 0.000000000000000000e+00 -8.157285194791854101e-05
9.994552553352117341e-01 0.000000000000000000e+00 -8.156969396898838527e-05
9.994513606568870001e-01 0.000000000000000000e+00 -8.156648274884745946e-05
9.994473972577122556e-01 0.000000000000000000e+00 -8.156321486734423179e-05
9.994433609896093973e-01 0.000000000000000000e+00 -8.155988690432719760e-05
9.994392477045005441e-01 0.000000000000000000e+00 -8.155649543964478445e-05
9.994350532543085919e-01 0.000000000000000000e+00 -8.155303705314554188e-05
9.994307734909565477e-01 0.000000000000000000e+00 -8.154950832467795167e-05
9.994264042663659753e-01 0.000000000000000000e+00 -8.154590583409045493e-05
9.994219414324602146e-01 0.000000000000000000e+00 -8.154222616123156053e-05
9.994173808411611626e-01 0.000000000000000000e+00 -8.153846588594973672e-05
9.994127183443916040e-01 0.000000000000000000e+00 -8.153462158809347880e-05
9.994079497940741019e-01 0.000000000000000000e+00 -8.153068984751128212e-05
9.994030710421313302e-01 0.000000000000000000e+00 -8.152666724405160134e-05
9.993980779404852965e-01 0.000000000000000000e+00 -8.152255035756293179e-05
9.993929663410586750e-01 0.000000000000000000e+00 -8.151833576789371458e-05
9.993877320957741395e-01 0.000000000000000000e+00 -8.151402005489249926e-05
9.993823710565544749e-01 0.000000000000000000e+00 -8.150959979840776760e-05
9.993768790753211340e-01 0.000000000000000000e+00 -8.150507157828793361e-05
9.993712520039977898e-01 0.000000000000000000e+00 -8.150043197438153328e-05
9.993654856945067833e-01 0.000000000000000000e+00 -8.149567756653704838e-05
9.993595759987701221e-01 0.000000000000000000e+00 -8.149080493460293358e-05
9.993535187687101473e-01 0.000000000000000000e+00 -8.148581065842769777e-05
9.993473098562504209e-01 0.000000000000000000e+00 -8.148069131785983627e-05
9.993409451133126176e-01 0.000000000000000000e+00 -8.147544349274779020e-05
9.993344203918190782e-01 0.000000000000000000e+00 -8.147006376294005489e-05
9.993277315436933650e-01 0.000000000000000000e+00 -8.146454870828513922e-05
9.993208744208567085e-01 0.000000000000000000e+00 -8.145889490863147074e-05
9.993138448752323377e-01 0.000000000000000000e+00 -8.145309894382758546e-05
9.993066387587423716e-01 0.000000000000000000e+00 -8.144715739372193803e-05
9.992992519233100390e-01 0.000000000000000000e+00 -8.144106683816305090e-05
9.992916802208567928e-01 0.000000000000000000e+00 -8.143482385699931097e-05
9.992839195033063060e-01 0.000000000000000000e+00 -8.142842503007933553e-05
9.992759656225804754e-01 0.000000000000000000e+00 -8.142186693725149795e-05
9.992678144306015309e-01 0.000000000000000000e+00 -8.141514615836433421e-05
9.992594617792925904e-01 0.000000000000000000e+00 -8.140825927326632609e-05
9.992509035205758838e-01 0.000000000000000000e+00 -8.140120286180591469e-05
9.992421355063737520e-01 0.000000000000000000e+00 -8.139397350383162247e-05
9.992331535886089799e-01 0.000000000000000000e+00 -8.138656777919191763e-05
9.992239536192037974e-01 0.000000000000000000e+00 -8.137898226773528196e-05
9.992145314500812114e-01 0.000000000000000000e+00 -8.137121354931021078e-05
9.992048829331628967e-01 0.000000000000000000e+00 -8.136325820376515876e-05
9.991950039203725265e-01 0.000000000000000000e+00 -8.135511281094866189e-05
9.991848902636315533e-01 0.000000000000000000e+00 -8.134677395070913418e-05
9.991745378148630952e-01 0.000000000000000000e+00 -8.133823820289512517e-05
9.991639424259890490e-01 0.000000000000000000e+00 -8.132950214735503531e-05
9.991530999489327547e-01 0.000000000000000000e+00 -8.132056236393745482e-05
9.991420062356161091e-01 0.000000000000000000e+00 -8.131141543249077058e-05
9.991306571379618973e-01 0.000000000000000000e+00 -8.130205793286350503e-05
9.991190485078923489e-01 0.000000000000000000e+00 -8.129248644490411286e-05
9.991071761973303600e-01 0.000000000000000000e+00 -8.128269754846111647e-05
9.990950360581983825e-01 0.000000000000000000e+00 -8.127268782338299767e-05
9.990826239424187571e-01 0.000000000000000000e+00 -8.126245384951822465e-05
9.990699357019138249e-01 0.000000000000000000e+00 -8.125199220671527921e-05
9.990569671886063707e-01 0.000000000000000000e+00 -8.124129947482262957e-05
9.990437142544188465e-01 0.000000000000000000e+00 -8.123037223368879815e-05
9.990301727512739260e-01 0.000000000000000000e+00 -8.121920706316219896e-05
9.990163385310939503e-01 0.000000000000000000e+00 -8.120780054309139511e-05
9.990022074458012602e-01 0.000000000000000000e+00 -8.119614925332484126e-05
9.989877753473185296e-01 0.000000000000000000e+00 -8.118424977371097853e-05
9.989730380875684324e-01 0.000000000000000000e+00 -8.117209868409832935e-05
9.989579915184728653e-01 0.000000000000000000e+00 -8.115969256433536194e-05
9.989426314919555017e-01 0.000000000000000000e+00 -8.114702799427058518e-05
9.989269538599375720e-01 0.000000000000000000e+00 -8.113410155375242665e-05
9.989109544773554505e-01 0.000000000000000000e+00 -8.112090982511369541e-05
9.988946492707146962e-01 0.000000000000000000e+00 -8.110746593999503668e-05
9.988780454446217760e-01 0.000000000000000000e+00 -8.109377583870174563e-05
9.988611272824874376e-01 0.000000000000000000e+00 -8.107982656267214902e-05
9.988438790677220958e-01 0.000000000000000000e+00 -8.106560515334453293e-05
9.988262850837352769e-01 0.000000000000000000e+00 -8.105109865215714277e-05
9.988083296139380618e-01 0.000000000000000000e+00 -8.103629410054835950e-05
9.987899969417403101e-01 0.000000000000000000e+00 -8.102117853995642854e-05
9.987712713505526585e-01 0.000000000000000000e+00 -8.100573901181964953e-05
9.987521371237848555e-01 0.000000000000000000e+00 -8.098996255757634922e-05
9.987325785448483151e-01 0.000000000000000000e+00 -8.097383621866485433e-05
9.987125798971521196e-01 0.000000000000000000e+00 -8.095734703652338320e-05
9.986921254641072387e-01 0.000000000000000000e+00 -8.094048205259028966e-05
9.986711995291237542e-01 0.000000000000000000e+00 -8.092322830830385981e-05
9.986497863756119697e-01 0.000000000000000000e+00 -8.090557284510239327e-05
9.986278702869822999e-01 0.000000000000000000e+00 -8.088750270442418967e-05
9.986054355466450483e-01 0.000000000000000000e+00 -8.086900492770754867e-05
9.985824664380106297e-01 0.000000000000000000e+00 -8.085006655639078344e-05
9.985589472444889036e-01 0.000000000000000000e+00 -8.083067463191215296e-05
9.985348622494907289e-01 0.000000000000000000e+00 -8.081081619571001107e-05
9.985101957364261871e-01 0.000000000000000000e+00 -8.079047828922263032e-05
9.984849319887053598e-01 0.000000000000000000e+00 -8.076964795388829677e-05
9.984590552897389948e-01 0.000000000000000000e+00 -8.074831223114533718e-05
9.984325499229368406e-01 0.000000000000000000e+00 -8.072645816243201051e-05
9.984054001717099780e-01 0.000000000000000000e+00 -8.070407278918667062e-05
9.983775903194678225e-01 0.000000000000000000e+00 -8.068114315284756293e-05
9.983491046496215660e-01 0.000000000000000000e+00 -8.065765629485305483e-05
9.983199274455805128e-01 0.000000000000000000e+00 -8.063359925664135110e-05
9.982900429907559658e-01 0.000000000000000000e+00 -8.060895907965084624e-05
9.982594355685574516e-01 0.000000000000000000e+00 -8.058372280531975857e-05
9.982280894623961620e-01 0.000000000000000000e+00 -8.055787747508646904e-05
9.981959889556812904e-01 0.000000000000000000e+00 -8.053141013038920951e-05
9.981631183318240286e-01 0.000000000000000000e+00 -8.050430781266630675e-05
9.981294618742342362e-01 0.000000000000000000e+00 -8.047655756335606037e-05
9.980950038663223278e-01 0.000000000000000000e+00 -8.044814642389675646e-05
9.980597285914984962e-01 0.000000000000000000e+00 -8.041906143572669465e-05
9.980236203331734890e-01 0.000000000000000000e+00 -8.038928964028422880e-05
9.979866633747568327e-01 0.000000000000000000e+00 -8.035881807900756367e-05
9.979488419996598303e-01 0.000000000000000000e+00 -8.032763379333508020e-05
9.979101404912920081e-01 0.000000000000000000e+00 -8.029572382470503739e-05
9.978705431330643361e-01 0.000000000000000000e+00 -8.026307521455576196e-05
9.978300342083860075e-01 0.000000000000000000e+00 -8.022967500432548579e-05
9.977885980006684363e-01 0.000000000000000000e+00 -8.019551023545260339e-05
9.977462187933213711e-01 0.000000000000000000e+00 -8.016056794937533308e-05
9.977028808697554485e-01 0.000000000000000000e+00 -8.012483518753204224e-05
9.976585685133808612e-01 0.000000000000000000e+00 -8.008829899136098987e-05
9.976132660076076908e-01 0.000000000000000000e+00 -8.005094640230047559e-05
9.975669576358463519e-01 0.000000000000000000e+00 -8.001276446178879904e-05
9.975196276815071483e-01 0.000000000000000000e+00 -7.997374021126427341e-05
9.974712604280006056e-01 0.000000000000000000e+00 -7.993386069216518479e-05
9.974218401587368055e-01 0.000000000000000000e+00 -7.989311294592984635e-05
9.973713511571263846e-01 0.000000000000000000e+00 -7.985148401399657129e-05
9.973197777065789804e-01 0.000000000000000000e+00 -7.980896093780360503e-05
9.972671040905055628e-01 0.000000000000000000e+00 -7.976553075878928787e-05
9.972133145923159914e-01 0.000000000000000000e+00 -7.972118051839191945e-05
9.971583934955676742e-01 0.000000000000000000e+00 -7.967589725817067437e-05
9.971023593810451890e-01 0.000000000000000000e+00 -7.962969629825896595e-05
9.970452089380897887e-01 0.000000000000000000e+00 -7.958257490896929220e-05
9.969868940692143688e-01 0.000000000000000000e+00 -7.953449343320868176e-05
9.969273666769309372e-01 0.000000000000000000e+00 -7.948541221388401420e-05
9.968665786637518345e-01 0.000000000000000000e+00 -7.943529159390226395e-05
9.968044819321900674e-01 0.000000000000000000e+00 -7.938409191617040543e-05
9.967410283847579766e-01 0.000000000000000000e+00 -7.933177352359539953e-05
9.966761699239674588e-01 0.000000000000000000e+00 -7.927829675908415290e-05
9.966098584523314097e-01 0.000000000000000000e+00 -7.922362196554366708e-05
9.965420458723625030e-01 0.000000000000000000e+00 -7.916770948588086230e-05
9.964726840865728574e-01 0.000000000000000000e+00 -7.911051966300274008e-05
9.964017249974752577e-01 0.000000000000000000e+00 -7.905201283981619354e-05
9.963291205075818224e-01 0.000000000000000000e+00 -7.899214935922823776e-05
9.962548225194050033e-01 0.000000000000000000e+00 -7.893088956414576586e-05
9.961787829354578072e-01 0.000000000000000000e+00 -7.886819379747579293e-05
9.961009536582521307e-01 0.000000000000000000e+00 -7.880402240212522563e-05
9.960212865903005364e-01 0.000000000000000000e+00 -7.873833572100102484e-05
9.959397336341158091e-01 0.000000000000000000e+00 -7.867109409701017854e-05
9.958562466922100676e-01 0.000000000000000000e+00 -7.860225787305960695e-05
9.957707776670958744e-01 0.000000000000000000e+00 -7.853178739205627095e-05
9.956832784612859033e-01 0.000000000000000000e+00 -7.845964299690715851e-05
9.955937009772923840e-01 0.000000000000000000e+00 -7.838578503051916275e-05
9.955019971176278792e-01 0.000000000000000000e+00 -7.831017383579928521e-05
9.954081187848047296e-01 0.000000000000000000e+00 -7.823276975565447320e-05
9.953120178813357199e-01 0.000000000000000000e+00 -7.815353313299164696e-05
9.952136463097328578e-01 0.000000000000000000e+00 -7.807242431071780800e-05
9.951129559725090390e-01 0.000000000000000000e+00 -7.798940363173989011e-05
9.950098987721762711e-01 0.000000000000000000e+00 -7.790443143896482706e-05
9.949044266112476720e-01 0.000000000000000000e+00 -7.781746807529962037e-05
9.947964913922351382e-01 0.000000000000000000e+00 -7.772847388365119027e-05
9.946860450176513435e-01 0.000000000000000000e+00 -7.763740920692649764e-05
9.945730393900086286e-01 0.000000000000000000e+00 -7.754423438803248979e-05
9.944574264118200002e-01 0.000000000000000000e+00 -7.744890976987615471e-05
9.943391579855970219e-01 0.000000000000000000e+00 -7.735139569536438552e-05
9.942181860138528116e-01 0.000000000000000000e+00 -7.725165250740419730e-05
9.940944623990998208e-01 0.000000000000000000e+00 -7.714964054890251026e-05
9.939679390438502793e-01 0.000000000000000000e+00 -7.704532016276628530e-05
9.938385678506167498e-01 0.000000000000000000e+00 -7.693865169190248327e-05
9.937063007219115729e-01 0.000000000000000000e+00 -7.682959547921803796e-05
9.935710895602476445e-01 0.000000000000000000e+00 -7.671811186761995089e-05
9.934328862681369721e-01 0.000000000000000000e+00 -7.660416120001514229e-05
9.932916427480918964e-01 0.000000000000000000e+00 -7.648770381931053238e-05
9.931473109026254242e-01 0.000000000000000000e+00 -7.636870006841314979e-05
9.929998426342497853e-01 0.000000000000000000e+00 -7.624711029022991475e-05
9.928491898454774311e-01 0.000000000000000000e+00 -7.612289482766776102e-05
9.926953044388205916e-01 0.000000000000000000e+00 -7.599601402363366303e-05
9.925381404183200029e-01 0.000000000000000000e+00 -7.586642995377555331e-05
9.923777136403074683e-01 0.000000000000000000e+00 -7.573415569187462524e-05
9.922139503266581562e-01 0.000000000000000000e+00 -7.559913040677102665e-05
9.920467261940895121e-01 0.000000000000000000e+00 -7.546125162505130869e-05
9.918759169593172054e-01 0.000000000000000000e+00 -7.532041687330202255e-05
9.917013983390590148e-01 0.000000000000000000e+00 -7.517652367810981427e-05
9.915230460500314980e-01 0.000000000000000000e+00 -7.502946956606123500e-05
9.913407358089518784e-01 0.000000000000000000e+00 -7.487915206374289013e-05
9.911543433325362695e-01 0.000000000000000000e+00 -7.472546869774137149e-05
9.909637443375016730e-01 0.000000000000000000e+00 -7.456831699464318958e-05
9.907688145405655344e-01 0.000000000000000000e+00 -7.440759448103503111e-05
9.905694296584441894e-01 0.000000000000000000e+00 -7.424319868350342014e-05
9.903654654078546393e-01 0.000000000000000000e+00 -7.407502712863496205e-05
9.901567975055135529e-01 0.000000000000000000e+00 -7.390297734301624866e-05
9.899433016681379316e-01 0.000000000000000000e+00 -7.372694685323381760e-05
9.897248536124446661e-01 0.000000000000000000e+00 -7.354683318587432845e-05
9.895013290551506469e-01 0.000000000000000000e+00 -7.336253386752433238e-05
9.892726037129726535e-01 0.000000000000000000e+00 -7.317394642477040767e-05
9.890385533026274656e-01 0.000000000000000000e+00 -7.298096838419914614e-05
9.887990535408317516e-01 0.000000000000000000e+00 -7.278349727239713963e-05
9.885539801443027352e-01 0.000000000000000000e+00 -7.258143061595095284e-05
9.883032088297571960e-01 0.000000000000000000e+00 -7.237466594144721828e-05
9.880466153139116914e-01 0.000000000000000000e+00 -7.216310077547247355e-05
9.877840753134833340e-01 0.000000000000000000e+00 -7.194663264461332404e-05
9.875154645451886815e-01 0.000000000000000000e+00 -7.172515907545632091e-05
9.872406587257447352e-01 0.000000000000000000e+00 -7.149857759458809665e-05
9.869595335718687190e-01 0.000000000000000000e+00 -7.126678572859524309e-05
9.866719648002769683e-01 0.000000000000000000e+00 -7.102968100406429784e-05
9.863778281276864845e-01 0.000000000000000000e+00 -7.078716094758187984e-05
9.860769992708140474e-01 0.000000000000000000e+00 -7.053912308573456736e-05
9.857693539463765475e-01 0.000000000000000000e+00 -7.028546494510892512e-05
9.854547678710908754e-01 0.000000000000000000e+00 -7.002608405229157206e-05
9.851331167616736995e-01 0.000000000000000000e+00 -6.976087793386905934e-05
9.848042763348423545e-01 0.000000000000000000e+00 -6.948974411642801945e-05
9.844681223073130649e-01 0.000000000000000000e+00 -6.921258012655497646e-05
9.841245303958031654e-01 0.000000000000000000e+00 -6.892928349083658995e-05
9.837733763170293244e-01 0.000000000000000000e+00 -6.863975173585938399e-05
9.834145357877080995e-01 0.000000000000000000e+00 -6.834388238820996396e-05
9.830478845245569364e-01 0.000000000000000000e+00 -6.804157297447493524e-05
9.826732982442921704e-01 0.000000000000000000e+00 -6.773272102124084900e-05
9.822906526636308033e-01 0.000000000000000000e+00 -6.741722405509432416e-05
9.818998276756939481e-01 0.000000000000000000e+00 -6.709498304612939465e-05
9.815007812455119884e-01 0.000000000000000000e+00 -6.676596333588876331e-05
9.810933062011051309e-01 0.000000000000000000e+00 -6.642999410799740163e-05
9.806771243633449764e-01 0.000000000000000000e+00 -6.608684599963116600e-05
9.802519575531033480e-01 0.000000000000000000e+00 -6.573628964796592641e-05
9.798175275912518467e-01 0.000000000000000000e+00 -6.537809569017752570e-05
9.793735562986619625e-01 0.000000000000000000e+00 -6.501203476344179319e-05
9.789197654962058515e-01 0.000000000000000000e+00 -6.463787750493462595e-05
9.784558770047550036e-01 0.000000000000000000e+00 -6.425539455183186684e-05
9.779816126451807978e-01 0.000000000000000000e+00 -6.386435654130933161e-05
9.774966942383551682e-01 0.000000000000000000e+00 -6.346453411054291734e-05
9.770008436051498268e-01 0.000000000000000000e+00 -6.305569789670846688e-05
9.764937825664365967e-01 0.000000000000000000e+00 -6.263761853698180955e-05
9.759752329430871898e-01 0.000000000000000000e+00 -6.221006666853882885e-05
9.754449165559730961e-01 0.000000000000000000e+00 -6.177281292855536766e-05
9.749025552259659166e-01 0.000000000000000000e+00 -6.132562795420729593e-05
9.743478707739376965e-01 0.000000000000000000e+00 -6.086828238267047008e-05
9.737805850207597036e-01 0.000000000000000000e+00 -6.040054685112069909e-05
9.732004197873037610e-01 0.000000000000000000e+00 -5.992219199673388681e-05
9.726070968944416917e-01 0.000000000000000000e+00 -5.943298845668586931e-05
9.720003381630452077e-01 0.000000000000000000e+00 -5.893270686815247592e-05
9.713798654139856881e-01 0.000000000000000000e+00 -5.842111786830959014e-05
9.707454004681348447e-01 0.000000000000000000e+00 -5.789799209433304128e-05
9.700966651463648338e-01 0.000000000000000000e+00 -5.736310018339869931e-05
9.694333812695471453e-01 0.000000000000000000e+00 -5.681621277268242742e-05
9.687552706585534912e-01 0.000000000000000000e+00 -5.625710049936008880e-05
9.680620551342554725e-01 0.000000000000000000e+00 -5.568553400060751276e-05
9.673534565175245792e-01 0.000000000000000000e+00 -5.510128391360058281e-05
9.666291966292327453e-01 0.000000000000000000e+00 -5.450412087551512825e-05
9.658889972902514609e-01 0.000000000000000000e+00 -5.389381552352694453e-05
9.651325803214526600e-01 0.000000000000000000e+00 -5.327013849481191516e-05
9.643596675437077215e-01 0.000000000000000000e+00 -5.263286042654588976e-05
9.635699807778886905e-01 0.000000000000000000e+00 -5.198175195590473154e-05
9.627632418448668350e-01 0.000000000000000000e+00 -5.131658372006431723e-05
9.619391725655144221e-01 0.000000000000000000e+00 -5.063712635620052358e-05
9.610974947607027197e-01 0.000000000000000000e+00 -4.994315050148916634e-05
9.602379302513034398e-01 0.000000000000000000e+00 -4.923442679310612225e-05
9.593602039024800021e-01 0.000000000000000000e+00 -4.851072837829084296e-05
9.584640982725526337e-01 0.000000000000000000e+00 -4.777187597314824595e-05
9.575491663441537682e-01 0.000000000000000000e+00 -4.701750100521684655e-05
9.566148689444878839e-01 0.000000000000000000e+00 -4.624715891851689532e-05
9.556606669007606802e-01 0.000000000000000000e+00 -4.546040515706877157e-05
9.546860210401768576e-01 0.000000000000000000e+00 -4.465679516489278687e-05
9.536903921899418934e-01 0.000000000000000000e+00 -4.383588438600921210e-05
9.526732411772610432e-01 0.000000000000000000e+00 -4.299722826443839948e-05
9.516340288293394511e-01 0.000000000000000000e+00 -4.214038224420068088e-05
9.505722159733827059e-01 0.000000000000000000e+00 -4.126490176931637465e-05
9.494872634365957298e-01 0.000000000000000000e+00 -4.037034228380582620e-05
9.483786320461836672e-01 0.000000000000000000e+00 -3.945625923168936743e-05
9.472457826293515515e-01 0.000000000000000000e+00 -3.852220805698724213e-05
9.460881760133054152e-01 0.000000000000000000e+00 -3.756774420371982283e-05
9.449052730252498478e-01 0.000000000000000000e+00 -3.659242311590744820e-05
9.436965344923899934e-01 0.000000000000000000e+00 -3.559580023757045011e-05
9.424614212419312187e-01 0.000000000000000000e+00 -3.457743101272912656e-05
9.411993941010793341e-01 0.000000000000000000e+00 -3.353687088540380944e-05
9.399099138970389289e-01 0.000000000000000000e+00 -3.247367529961477643e-05
9.385924414570150365e-01 0.000000000000000000e+00 -3.138739969938235939e-05
9.372464376082129123e-01 0.000000000000000000e+00 -3.027759952872694781e-05
9.358713631778384778e-01 0.000000000000000000e+00 -2.914383023166882954e-05
9.344666789930969886e-01 0.000000000000000000e+00 -2.798564725222832628e-05
9.330318458811927007e-01 0.000000000000000000e+00 -2.680260603442577330e-05
9.315663246693313138e-01 0.000000000000000000e+00 -2.559426202228151943e-05
9.300695761847185272e-01 0.000000000000000000e+00 -2.436017065981594399e-05
9.285410612545589304e-01 0.000000000000000000e+00 -2.309988739104930092e-05
9.269802407060580007e-01 0.000000000000000000e+00 -2.181296766000176965e-05
9.253865753664196614e-01 0.000000000000000000e+00 -2.049896691069298750e-05
9.237595260628491678e-01 0.000000000000000000e+00 -1.915744058714287636e-05
9.220985536225535517e-01 0.000000000000000000e+00 -1.778794413337325892e-05
9.204031188727348489e-01 0.000000000000000000e+00 -1.639003299340224105e-05
9.186726826406104163e-01 0.000000000000000000e+00 -1.496326261125991921e-05
9.169067057533399900e-01 0.000000000000000000e+00 -1.350718843092885272e-05
9.151046490382971355e-01 0.000000000000000000e+00 -1.202136589656921521e-05
9.132659699514268370e-01 0.000000000000000000e+00 -1.050534767254363946e-05
9.113899868976162999e-01 0.000000000000000000e+00 -8.958571773566842146e-06
9.094758501034346798e-01 0.000000000000000000e+00 -7.380337548778912576e-06
9.075227018819874703e-01 0.000000000000000000e+00 -5.769937822748378805e-06
9.055296845382790893e-01 0.000000000000000000e+00 -4.126665412634941952e-06
9.034959404056074339e-01 0.000000000000000000e+00 -2.449813161447666253e-06
9.014206115078990944e-01 0.000000000000000000e+00 -7.386736499680204184e-07
8.993028398892775055e-01 0.000000000000000000e+00 1.007460516730863876e-06
8.971417680349214052e-01 0.000000000000000000e+00 2.789296270738926071e-06
8.949365415447597671e-01 0.000000000000000000e+00 4.607538993741683890e-06
8.926862914243937075e-01 0.000000000000000000e+00 6.462900120895475609e-06
8.903902010791069355e-01 0.000000000000000000e+00 8.356070509934262081e-06
8.880473572322697962e-01 0.000000000000000000e+00 1.028780715233906782e-05
8.856569262213843663e-01 0.000000000000000000e+00 1.225826424887455212e-05
8.832180438450329962e-01 0.000000000000000000e+00 1.427158216947239015e-05
8.807298582708843471e-01 0.000000000000000000e+00 1.627313725572219409e-05
8.781915107907961593e-01 0.000000000000000000e+00 1.816367459351575148e-05
8.756021591330661602e-01 0.000000000000000000e+00 1.993271277099163769e-05
8.729609151369156494e-01 0.000000000000000000e+00 2.157333110905763367e-05
8.702669505699033303e-01 0.000000000000000000e+00 2.307942451284181399e-05
8.675193805784414680e-01 0.000000000000000000e+00 2.444476924200143504e-05
8.647173609302641895e-01 0.000000000000000000e+00 2.566318920091335053e-05
8.618600339227968643e-01 0.000000000000000000e+00 2.672862900406222384e-05
8.589465415763307687e-01 0.000000000000000000e+00 2.763518254243809360e-05
8.559760263657045787e-01 0.000000000000000000e+00 2.837713782143478925e-05
8.529476305131004077e-01 0.000000000000000000e+00 2.894902643413611661e-05
8.498604963563459735e-01 0.000000000000000000e+00 2.934567597107976114e-05
8.467137661826982242e-01 0.000000000000000000e+00 2.956226755811224130e-05
8.435065823262731799e-01 0.000000000000000000e+00 2.959439736503705558e-05
8.402380869494573412e-01 0.000000000000000000e+00 2.943814262055234962e-05
8.369074235526885452e-01 0.000000000000000000e+00 2.909013269859050328e-05
8.335137323562445966e-01 0.000000000000000000e+00 2.854762428675134222e-05
8.300561577085291409e-01 0.000000000000000000e+00 2.780858288786894515e-05
8.265338409784368512e-01 0.000000000000000000e+00 2.687176737194553553e-05
8.229459244868090328e-01 0.000000000000000000e+00 2.573682109353947272e-05
8.192915505477058602e-01 0.000000000000000000e+00 2.440436731828585318e-05
8.155698615106038440e-01 0.000000000000000000e+00 2.287610970726874744e-05
8.117799995909198429e-01 0.000000000000000000e+00 2.115493751239731882e-05
8.079204543205777966e-01 0.000000000000000000e+00 1.924469984713703016e-05
8.039888270386105207e-01 0.000000000000000000e+00 1.715007201149149651e-05
7.999843042945231630e-01 0.000000000000000000e+00 1.487799266821793965e-05
7.959061470227299928e-01 0.000000000000000000e+00 1.243714966243719081e-05
7.917536167688647986e-01 0.000000000000000000e+00 9.838071942221175502e-06
7.875259775681573426e-01 0.000000000000000000e+00 7.093259935512638269e-06
7.832224864751970994e-01 0.000000000000000000e+00 4.217309535425915076e-06
7.788424077165578829e-01 0.000000000000000000e+00 1.227052426548224372e-06
7.743850033960505419e-01 0.000000000000000000e+00 -1.858319418970395871e-06
7.698495362095127970e-01 0.000000000000000000e+00 -5.017122865109021650e-06
7.652352659338720331e-01 0.000000000000000000e+00 -8.225059511928481531e-06
7.605414560321444029e-01 0.000000000000000000e+00 -1.145508838505593840e-05
7.557673660303784180e-01 0.000000000000000000e+00 -1.467731369169556638e-05
7.509122586711368674e-01 0.000000000000000000e+00 -1.785886885056287425e-05
7.459753944706115636e-01 0.000000000000000000e+00 -2.096381728109625623e-05
7.409560348658569273e-01 0.000000000000000000e+00 -2.395305684446007695e-05
7.358534413363522209e-01 0.000000000000000000e+00 -2.678423814579608553e-05
7.306668753708465136e-01 0.000000000000000000e+00 -2.941169488345942828e-05
7.253955984795786849e-01 0.000000000000000000e+00 -3.178638829895140009e-05
7.200388721692028149e-01 0.000000000000000000e+00 -3.385586722164150392e-05
7.145959584919649998e-01 0.000000000000000000e+00 -3.556424488528030101e-05
7.090661214422735448e-01 0.000000000000000000e+00 -3.685219404800143460e-05
7.034486230091265835e-01 0.000000000000000000e+00 -3.765696274874123642e-05
6.977427249015271116e-01 0.000000000000000000e+00 -3.791240809313294117e-05
6.919476888639765066e-01 0.000000000000000000e+00 -3.754905153277354789e-05
6.860627779183302577e-01 0.000000000000000000e+00 -3.649414803585083019e-05
6.800872271045299566e-01 0.000000000000000000e+00 -3.468258965317469402e-05
6.740203215791322755e-01 0.000000000000000000e+00 -3.212171575946540941e-05
6.678613205602093039e-01 0.000000000000000000e+00 -2.885258908896548872e-05
6.616094858565938486e-01 0.000000000000000000e+00 -2.492014288094368467e-05
6.552640790039395702e-01 0.000000000000000000e+00 -2.037335198149773331e-05
6.488243615192329505e-01 0.000000000000000000e+00 -1.526552168736789288e-05
6.422895947986755338e-01 0.000000000000000000e+00 -9.654605048701424128e-06
6.356590403709385662e-01 0.000000000000000000e+00 -3.603551907606322522e-06
6.289319595894086179e-01 0.000000000000000000e+00 2.819307509875572744e-06
6.221076141585343278e-01 0.000000000000000000e+00 9.539838820039206951e-06
6.151852654299349021e-01 0.000000000000000000e+00 1.647763603178802646e-05
6.081642624973216948e-01 0.000000000000000000e+00 2.354541467877358418e-05
6.010446920880588850e-01 0.000000000000000000e+00 3.064780063520247704e-05
5.938269327289487087e-01 0.000000000000000000e+00 3.768124061430767403e-05
5.865113562618922138e-01 0.000000000000000000e+00 4.453374921320646417e-05
5.790983358970339667e-01 0.000000000000000000e+00 5.108428031418881313e-05
5.715882456010173973e-01 0.000000000000000000e+00 5.720202720158519430e-05
5.639814520240409301e-01 0.000000000000000000e+00 6.274563582741323170e-05
5.562783207523268603e-01 0.000000000000000000e+00 6.756229880922289043e-05
5.484792349478628815e-01 0.000000000000000000e+00 7.148672482032833637e-05
5.405845616988077529e-01 0.000000000000000000e+00 7.433999703930881521e-05
5.325946717909019190e-01 0.000000000000000000e+00 7.592823099008424678e-05
5.245099386456825163e-01 0.000000000000000000e+00 7.604105475349859573e-05
5.163307346323605662e-01 0.000000000000000000e+00 7.444985936318051568e-05
5.080574320177927428e-01 0.000000000000000000e+00 7.090577810969906877e-05
4.996903977601407920e-01 0.000000000000000000e+00 6.513733905888082171e-05
4.912299980452384807e-01 0.000000000000000000e+00 5.684773561878065837e-05
4.826766054822307361e-01 0.000000000000000000e+00 4.571160511638748867e-05
4.740306386943911598e-01 0.000000000000000000e+00 3.151772032627196793e-05
4.652924317325163872e-01 0.000000000000000000e+00 1.457135106953637536e-05
4.564623606489877083e-01 0.000000000000000000e+00 -4.652065174563940120e-06
4.475407963540239398e-01 0.000000000000000000e+00 -2.561457617502585824e-05
4.385281112835562323e-01 0.000000000000000000e+00 -4.771701911968838057e-05
4.294246739827224935e-01 0.000000000000000000e+00 -7.030176248849790831e-05
4.202310038936616921e-01 0.000000000000000000e+00 -9.265649323455929021e-05
4.109493236148625828e-01 0.000000000000000000e+00 -1.140165001481409889e-04
4.015813815292443856e-01 0.000000000000000000e+00 -1.335781707952078928e-04
3.921285969138927907e-01 0.000000000000000000e+00 -1.505076861316965444e-04
3.825923919371212456e-01 0.000000000000000000e+00 -1.639502655087054085e-04
3.729741826836420193e-01 0.000000000000000000e+00 -1.730409267141722615e-04
3.632753968990820592e-01 0.000000000000000000e+00 -1.769155524243999351e-04
3.534974554931790136e-01 0.000000000000000000e+00 -1.747219651122002774e-04
3.436417841981359023e-01 0.000000000000000000e+00 -1.656305736738459199e-04
3.337098097411220210e-01 0.000000000000000000e+00 -1.488442906208158783e-04
3.237029848397685594e-01 0.000000000000000000e+00 -1.236074868047138059e-04
3.136234118078001787e-01 0.000000000000000000e+00 -8.921613396259320988e-05
3.034729989279980056e-01 0.000000000000000000e+00 -4.502305510464218893e-05
2.932533933842553786e-01 0.000000000000000000e+00 9.558494735398892492e-06
2.829663051499596849e-01 0.000000000000000000e+00 7.573315864709334795e-05
2.726135020643569162e-01 0.000000000000000000e+00 1.663598797840789602e-04
2.621969622442580916e-01 0.000000000000000000e+00 3.039601493968227498e-04
2.517189861091044256e-01 0.000000000000000000e+00 5.113926992869917551e-04
2.411825528162886978e-01 0.000000000000000000e+00 8.120288908917047124e-04
2.305951115402722629e-01 0.000000000000000000e+00 1.230052263612843285e-03
2.199555603306346530e-01 0.000000000000000000e+00 1.791452354345091048e-03
2.092600734927623218e-01 0.000000000000000000e+00 2.524794025064402286e-03
1.985064179834374887e-01 0.000000000000000000e+00 3.461896380533715113e-03
1.876944922831201845e-01 0.000000000000000000e+00 4.638696004380657607e-03
1.768270923338759459e-01 0.000000000000000000e+00 6.096219209347409143e-03
1.659109690974752693e-01 0.000000000000000000e+00 7.881670425890344167e-03
1.549576449583900395e-01 0.000000000000000000e+00 1.004975487504554399e-02
1.439723201789996354e-01 0.000000000000000000e+00 1.266743538081503001e-02
1.329760140540231783e-01 0.000000000000000000e+00 1.581251342724544415e-02
1.220092772009752774e-01 0.000000000000000000e+00 1.957380598005867972e-02
1.111323664846645687e-01 0.000000000000000000e+00 2.405177383299142435e-02
1.004311512186050609e-01 0.000000000000000000e+00 2.935591904153854112e-02
9.002493525408060415e-02 0.000000000000000000e+00 3.559671782340805002e-02
8.007480019495757939e-02 0.000000000000000000e+00 4.283881549619042439e-02
7.070048787682711722e-02 0.000000000000000000e+00 5.102889893581805114e-02
6.197767517714922875e-02 0.000000000000000000e+00 6.006283836499359818e-02
5.395698525524444955e-02 0.000000000000000000e+00 6.980939229078640673e-02
4.966185080731407714e-02 0.000000000000000000e+00 7.569600650995025881e-02
4.561062045589651948e-02 0.000000000000000000e+00 8.173949483340800515e-02
4.180163569918710770e-02 0.000000000000000000e+00 8.791016209033609974e-02
3.822865704289038491e-02 0.000000000000000000e+00 9.418332979546242822e-02
3.488352541605029000e-02 0.000000000000000000e+00 1.005369733569247831e-01
3.175735737616969256e-02 0.000000000000000000e+00 1.069505198262420548e-01
2.884082149802543599e-02 0.000000000000000000e+00 1.134048184172593843e-01
2.612436617993779339e-02 0.000000000000000000e+00 1.198820552303914849e-01
2.359837719096974026e-02 0.000000000000000000e+00 1.263656920698021657e-01
2.125220036209048841e-02 0.000000000000000000e+00 1.328435373979499345e-01
1.907410094473046061e-02 0.000000000000000000e+00 1.393092476859700835e-01
1.705311367222472549e-02 0.000000000000000000e+00 1.457579255270828322e-01
1.517913111194834491e-02 0.000000000000000000e+00 1.521856245640718641e-01
1.344285132067071092e-02 0.000000000000000000e+00 1.585892124440675677e-01
1.183572445446796906e-02 0.000000000000000000e+00 1.649662504208804226e-01
1.034989699806942477e-02 0.000000000000000000e+00 1.713149004153226296e-01
8.978161574983708343e-03 0.000000000000000000e+00 1.776338325761418480e-01
7.713906760981210746e-03 0.000000000000000000e+00 1.839221557658032025e-01
6.550968004163834971e-03 0.000000000000000000e+00 1.901799322198497733e-01
5.482890877787834419e-03 0.000000000000000000e+00 1.964125957503773390e-01
4.504593589662177038e-03 0.000000000000000000e+00 2.026218602097004384e-01
3.611695199077431025e-03 0.000000000000000000e+00 2.088082589475055983e-01
2.800185932517273643e-03 0.000000000000000000e+00 2.149725980684711324e-01
2.066214209937929699e-03 0.000000000000000000e+00 2.211158042998649931e-01
1.406018248162103261e-03 0.000000000000000000e+00 2.272389263241021695e-01
8.159275660377191203e-04 0.000000000000000000e+00 2.333431353458869373e-01
2.923642526900685035e-04 0.000000000000000000e+00 2.394297203262727158e-01
-1.681565274422675222e-04 0.000000000000000000e+00 2.455000788314530835e-01
-5.690274471906039359e-04 0.000000000000000000e+00 2.515557099376535821e-01
-9.135510157888090304e-04 0.000000000000000000e+00 2.575982073134825412e-01
-1.204930642157532768e-03 0.000000000000000000e+00 2.636289826396128744e-01
-1.446177116082099541e-03 0.000000000000000000e+00 2.696462653764929440e-01
-1.640324296605233725e-03 0.000000000000000000e+00 2.756482290325154572e-01
-1.790433952454256869e-03 0.000000000000000000e+00 2.816335147054676580e-01
-1.899565743448106440e-03 0.000000000000000000e+00 2.876008282261825477e-01
-1.970768874992159369e-03 0.000000000000000000e+00 2.935489358175715213e-01
-2.007074428702895416e-03 0.000000000000000000e+00 2.994766595706259138e-01
-2.011488342820435312e-03 0.000000000000000000e+00 3.053828728171110174e-01
-1.986985000968554370e-03 0.000000000000000000e+00 3.112664954504824610e-01
-1.936501385317438957e-03 0.000000000000000000e+00 3.171264891995634327e-01
-1.862931751278985599e-03 0.000000000000000000e+00 3.229618529895855739e-01
-1.769122776569342394e-03 0.000000000000000000e+00 3.287716183510169810e-01
-1.657876951200090015e-03 0.000000000000000000e+00 3.345544662959379356e-01
-1.531955857046615960e-03 0.000000000000000000e+00 3.403086046713062474e-01
-1.394024889954802128e-03 0.000000000000000000e+00 3.460339541843673872e-01
-1.246674543851037905e-03 0.000000000000000000e+00 3.517305794254916851e-01
-1.092423634958119205e-03 0.000000000000000000e+00 3.573985565179098600e-01
-9.337203205056466247e-04 0.000000000000000000e+00 3.630379704796906082e-01
-7.729432433316410804e-04 0.000000000000000000e+00 3.686489107092708606e-01
-6.124027691261870647e-04 0.000000000000000000e+00 3.742314648567937052e-01
-4.543418514938476864e-04 0.000000000000000000e+00 3.797857259576562505e-01
-3.009374576427495786e-04 0.000000000000000000e+00 3.853117797662408694e-01
-1.543015937899328580e-04 0.000000000000000000e+00 3.908097046743013725e-01
-1.648227578527815829e-05 0.000000000000000000e+00 3.962795720401602328e-01
1.105356858249941648e-04 0.000000000000000000e+00 4.017214422116563433e-01
2.249807431028140957e-04 0.000000000000000000e+00 4.071353589394673955e-01
3.266314350289652407e-04 0.000000000000000000e+00 4.125213261552975186e-01
4.161211627253285283e-04 0.000000000000000000e+00 4.178793310100772929e-01
4.940798892163748195e-04 0.000000000000000000e+00 4.232094067491386502e-01
5.611224833489395934e-04 0.000000000000000000e+00 4.285115589679250325e-01
6.178467343510084080e-04 0.000000000000000000e+00 4.337855170736636956e-01
6.648380325837232154e-04 0.000000000000000000e+00 4.390309965725953667e-01
7.026694868250921242e-04 0.000000000000000000e+00 4.442477158607769372e-01
7.319017895591998927e-04 0.000000000000000000e+00 4.494353961690223387e-01
7.530830944503842401e-04 0.000000000000000000e+00 4.545937611570242676e-01
7.667489097413748280e-04 0.000000000000000000e+00 4.597225370278601453e-01
7.734220008715871541e-04 0.000000000000000000e+00 4.648214519093166741e-01
7.736123088390195902e-04 0.000000000000000000e+00 4.698902359616282665e-01
7.678168783127264181e-04 0.000000000000000000e+00 4.749286211854572559e-01
7.565197974180886851e-04 0.000000000000000000e+00 4.799363411863274975e-01
7.401921484219099387e-04 0.000000000000000000e+00 4.849131310276335594e-01
7.192919688872555228e-04 0.000000000000000000e+00 4.898587270725368037e-01
6.942642227259152856e-04 0.000000000000000000e+00 4.947728668379394734e-01
6.655407811047808460e-04 0.000000000000000000e+00 4.996552888194587538e-01
6.335404121109546646e-04 0.000000000000000000e+00 5.045057324037531821e-01
5.986687795637854947e-04 0.000000000000000000e+00 5.093239377335976314e-01
5.613184505277153897e-04 0.000000000000000000e+00 5.141096455675985277e-01
5.218689106247549484e-04 0.000000000000000000e+00 5.188625972044125234e-01
4.806864950424212524e-04 0.000000000000000000e+00 5.235825447586154313e-01
4.381219782547234585e-04 0.000000000000000000e+00 5.282695135702178968e-01
3.945120683402943812e-04 0.000000000000000000e+00 5.329236128027945441e-01
3.501808275863637081e-04 0.000000000000000000e+00 5.375449043286577577e-01
3.054395090581024349e-04 0.000000000000000000e+00 5.421334513344606698e-01
2.605868280090768729e-04 0.000000000000000000e+00 5.466893161732223616e-01
2.159091993912392465e-04 0.000000000000000000e+00 5.512125615561555003e-01
1.716809860330293519e-04 0.000000000000000000e+00 5.557032504212919832e-01
1.281647578713680400e-04 0.000000000000000000e+00 5.601614444547825533e-01
8.561151412866630720e-05 0.000000000000000000e+00 5.645872061414850540e-01
4.426094038844834513e-05 0.000000000000000000e+00 5.689805970030584747e-01
4.341622052391555400e-06 0.000000000000000000e+00 5.733416801848769673e-01
-3.392867754600873011e-05 0.000000000000000000e+00 5.776705158469701562e-01
-7.034281784081722973e-05 0.000000000000000000e+00 5.819671645820991834e-01
-1.047040562649731958e-04 0.000000000000000000e+00 5.862316882704133869e-01
-1.368257954851095383e-04 0.000000000000000000e+00 5.904641470891438537e-01
-1.665313714749684973e-04 0.000000000000000000e+00 5.946646011329330683e-01
-1.936538084185048653e-04 0.000000000000000000e+00 5.988331101188852923e-01
-2.180361537589702210e-04 0.000000000000000000e+00 6.029697334719110735e-01
-2.396148846396354442e-04 0.000000000000000000e+00 6.070745300635693731e-01
-2.585104574077782017e-04 0.000000000000000000e+00 6.111475570560311876e-01
-2.748630174681706553e-04 0.000000000000000000e+00 6.151888721428502294e-01
-2.888082153928713349e-04 0.000000000000000000e+00 6.191985332080011117e-01
-3.004773547614708541e-04 0.000000000000000000e+00 6.231765963191591151e-01
-3.099970024723054619e-04 0.000000000000000000e+00 6.271228917403309788e-01
-3.174901499559432496e-04 0.000000000000000000e+00 6.310373356193806904e-01
-3.230761428861230670e-04 0.000000000000000000e+00 6.349200046479154258e-01
-3.268702615415435150e-04 0.000000000000000000e+00 6.387709757044510717e-01
-3.289838129615245193e-04 0.000000000000000000e+00 6.425903257981379069e-01
-3.295242217138675189e-04 0.000000000000000000e+00 6.463781320485670889e-01
-3.285951191315234876e-04 0.000000000000000000e+00 6.501344717640002990e-01
-3.262964314583383573e-04 0.000000000000000000e+00 6.538594218330822105e-01
-3.227244647636353823e-04 0.000000000000000000e+00 6.575530607675951211e-01
-3.179719924090822214e-04 0.000000000000000000e+00 6.612154651106892933e-01
-3.121283361391450056e-04 0.000000000000000000e+00 6.648467127370299989e-01
-3.052794491411083542e-04 0.000000000000000000e+00 6.684468813810089394e-01
-2.975079966504948496e-04 0.000000000000000000e+00 6.720160487982916875e-01
-2.888934354107116362e-04 0.000000000000000000e+00 6.755542927378750395e-01
-2.795120914619552408e-04 0.000000000000000000e+00 6.790616910353057811e-01
-2.694372368544897182e-04 0.000000000000000000e+00 6.825383215717983898e-01
-2.587391650346846663e-04 0.000000000000000000e+00 6.859842622566302284e-01
-2.474852648868813973e-04 0.000000000000000000e+00 6.893995910305055208e-01
-2.357400935247491865e-04 0.000000000000000000e+00 6.927843858599913585e-01
-2.235654478256092828e-04 0.000000000000000000e+00 6.961387247330812489e-01
-2.110204347285192105e-04 0.000000000000000000e+00 6.994626856552391692e-01
-1.981615403213995226e-04 0.000000000000000000e+00 7.027563466435836625e-01
-1.850426976953344028e-04 0.000000000000000000e+00 7.060197857292261903e-01
-1.717153536667227981e-04 0.000000000000000000e+00 7.092530809464033803e-01
-1.582285342664105485e-04 0.000000000000000000e+00 7.124563103380500140e-01
-1.446283550429955985e-04 0.000000000000000000e+00 7.156296802345216701e-01
-1.309580950456442901e-04 0.000000000000000000e+00 7.187735145473913567e-01
-1.172593958063863337e-04 0.000000000000000000e+00 7.218879952346037854e-01
-1.035717477715151200e-04 0.000000000000000000e+00 7.249733029847628130e-01
-8.993255554119780734e-05 0.000000000000000000e+00 7.280296184805626902e-01
-7.637720677885714328e-05 0.000000000000000000e+00 7.310571223974160482e-01
-6.293913942962908541e-05 0.000000000000000000e+00 7.340559954052653380e-01
-4.964990733260024602e-05 0.000000000000000000e+00 7.370264181634329503e-01
-3.653924418237601009e-05 0.000000000000000000e+00 7.399685713258979947e-01
-2.363512595507847284e-05 0.000000000000000000e+00 7.428826355346550558e-01
-1.096383177877204410e-05 0.000000000000000000e+00 7.457687914181582167e-01
1.449996802036630503e-06 0.000000000000000000e+00 7.486272196097667475e-01
1.358329781960893353e-05 0.000000000000000000e+00 7.514581007111766908e-01
2.541453262348519721e-05 0.000000000000000000e+00 7.542616153291927805e-01
3.692363080298462723e-05 0.000000000000000000e+00 7.570379440470637045e-01
4.809193673452258198e-05 0.000000000000000000e+00 7.597872674584301711e-01
5.890215713732527313e-05 0.000000000000000000e+00 7.625097661051406517e-01
6.933831066244552216e-05 0.000000000000000000e+00 7.652056205924560039e-01
7.938567760881149534e-05 0.000000000000000000e+00 7.678750113996554161e-01
8.903075281296201271e-05 0.000000000000000000e+00 7.705181191783598837e-01
9.826119744087112042e-05 0.000000000000000000e+00 7.731351244295969760e-01
1.070657926295886787e-04 0.000000000000000000e+00 7.757262073190763774e-01
1.154343991980079760e-04 0.000000000000000000e+00 7.782915488907777846e-01
1.233579084193904833e-04 0.000000000000000000e+00 7.808313293911135489e-01
1.308282036691548801e-04 0.000000000000000000e+00 7.833457293563986790e-01
1.378381175349740670e-04 0.000000000000000000e+00 7.858349290495622030e-01
1.443813927979792952e-04 0.000000000000000000e+00 7.882991086992071628e-01
1.504526481138845299e-04 0.000000000000000000e+00 7.907384503176073665e-01
1.560473306191231216e-04 0.000000000000000000e+00 7.931531343551789792e-01
1.611616739045410279e-04 0.000000000000000000e+00 7.955433356341971018e-01
1.657926924555332083e-04 0.000000000000000000e+00 7.979092441908639532e-01
1.699381726112004370e-04 0.000000000000000000e+00 8.002510321808258276e-01
1.735975116049561786e-04 0.000000000000000000e+00 8.025688846169863888e-01
1.767851647548685976e-04 0.000000000000000000e+00 8.048629800241834387e-01
1.795250122599116322e-04 0.000000000000000000e+00 8.071334993128551627e-01
1.818402149609774923e-04 0.000000000000000000e+00 8.093806231730288347e-01
1.837530774361639135e-04 0.000000000000000000e+00 8.116045208260180832e-01
1.852850114943767248e-04 0.000000000000000000e+00 8.138053100262204742e-01
1.864566580840321109e-04 0.000000000000000000e+00 8.159831500538431426e-01
1.872878664859058779e-04 0.000000000000000000e+00 8.181382090893092318e-01
1.877977103351960366e-04 0.000000000000000000e+00 8.202706551800109658e-01
1.880045117271630017e-04 0.000000000000000000e+00 8.223806563576820938e-01
1.879258645189861576e-04 0.000000000000000000e+00 8.244683807225526850e-01
1.875786570771155492e-04 0.000000000000000000e+00 8.265339963093544240e-01
1.869790944871112639e-04 0.000000000000000000e+00 8.285776712259266263e-01
1.861427201928718184e-04 0.000000000000000000e+00 8.305995735371907163e-01
1.850844371372917967e-04 0.000000000000000000e+00 8.325998713299495035e-01
1.838185283181793057e-04 0.000000000000000000e+00 8.345787327015760093e-01
1.823586768945311808e-04 0.000000000000000000e+00 8.365363257378800599e-01
1.807179857211880212e-04 0.000000000000000000e+00 8.384728185384529020e-01
1.789089964225508357e-04 0.000000000000000000e+00 8.403883792047707191e-01
1.769437079708311464e-04 0.000000000000000000e+00 8.422831758329527574e-01
1.748335947576083954e-04 0.000000000000000000e+00 8.441573765342184066e-01
1.725896242392621529e-04 0.000000000000000000e+00 8.460111494081898886e-01
1.702222740674527170e-04 0.000000000000000000e+00 8.478446625676188120e-01
1.677415488121109693e-04 0.000000000000000000e+00 8.496580841197016731e-01
1.651569962075354254e-04 0.000000000000000000e+00 8.514515821759267578e-01
1.624777229782588945e-04 0.000000000000000000e+00 8.532253248480671237e-01
1.597124102313171557e-04 0.000000000000000000e+00 8.549794802490024992e-01
1.568693284289048051e-04 0.000000000000000000e+00 8.567142164937678883e-01
1.539563519617527802e-04 0.000000000000000000e+00 8.584297016936817126e-01
1.509809732901470393e-04 0.000000000000000000e+00 8.601261039686441956e-01
1.479503167309006398e-04 0.000000000000000000e+00 8.618035914357071725e-01
1.448711518843360298e-04 0.000000000000000000e+00 8.634623321852985534e-01
1.417499064435951382e-04 0.000000000000000000e+00 8.651024943861044258e-01
1.385926790232451739e-04 0.000000000000000000e+00 8.667242461773403406e-01
1.354052516519794016e-04 0.000000000000000000e+00 8.683277555646821133e-01
1.321931011102864706e-04 0.000000000000000000e+00 8.699131907138103470e-01
1.289614108850837431e-04 0.000000000000000000e+00 8.714807197568529284e-01
1.257150824049464038e-04 0.000000000000000000e+00 8.730305107904597905e-01
1.224587458027824724e-04 0.000000000000000000e+00 8.745627319477747852e-01
1.191967706261914831e-04 0.000000000000000000e+00 8.760775513334846387e-01
1.159332759966796693e-04 0.000000000000000000e+00 8.775751370740283441e-01
1.126721406567298968e-04 0.000000000000000000e+00 8.790556572743556396e-01
1.094170125389388266e-04 0.000000000000000000e+00 8.805192800553560684e-01
1.061713181684311602e-04 0.000000000000000000e+00 8.819661735333079733e-01
1.029382717183481620e-04 0.000000000000000000e+00 8.833965058252800651e-01
9.972088379050884910e-05 0.000000000000000000e+00 8.848104450522559228e-01
9.652197001177781669e-05 0.000000000000000000e+00 8.862081593020439962e-01
9.334415902045762887e-05 0.000000000000000000e+00 8.875898167410736228e-01
9.018990083308012782e-05 0.000000000000000000e+00 8.889555854476276497e-01
8.706146402296486707e-05 0.000000000000000000e+00 8.903056379574030288e-01
8.396057788649172724e-05 0.000000000000000000e+00 8.916403082817035974e-01
8.088907331276204763e-05 0.000000000000000000e+00 8.929598186699917450e-01
7.784885453580561905e-05 0.000000000000000000e+00 8.942642963292903868e-01
7.484168497697108271e-05 0.000000000000000000e+00 8.955538685828154932e-01
7.186919225489372617e-05 0.000000000000000000e+00 8.968286632227033817e-01
6.893287686515167960e-05 0.000000000000000000e+00 8.980888072146944179e-01
6.603411528054856029e-05 0.000000000000000000e+00 8.993344277248541685e-01
6.317416409214570284e-05 0.000000000000000000e+00 9.005656526265076733e-01
6.035416842390669634e-05 0.000000000000000000e+00 9.017826091015698209e-01
5.757516529497084320e-05 0.000000000000000000e+00 9.029854243455716079e-01
5.483808790191935792e-05 0.000000000000000000e+00 9.041742258097050788e-01
5.214377093915206795e-05 0.000000000000000000e+00 9.053491409303152659e-01
4.949295532912417793e-05 0.000000000000000000e+00 9.065102970485108269e-01
4.688629255963223908e-05 0.000000000000000000e+00 9.076578214361915586e-01
4.432434850163194905e-05 0.000000000000000000e+00 9.087918414850923998e-01
4.180760779732090390e-05 0.000000000000000000e+00 9.099124845931773065e-01
3.933647795885521030e-05 0.000000000000000000e+00 9.110198781116173317e-01
3.691129311990255622e-05 0.000000000000000000e+00 9.121141493862272576e-01
3.453231775543379590e-05 0.000000000000000000e+00 9.131954257633730920e-01
3.219975025674985496e-05 0.000000000000000000e+00 9.142638345932604382e-01
2.991372639027500344e-05 0.000000000000000000e+00 9.153195032425957001e-01
2.767432265556298978e-05 0.000000000000000000e+00 9.163625590918322850e-01
2.548155960791067542e-05 0.000000000000000000e+00 9.173931294925548041e-01
2.333540495599831609e-05 0.000000000000000000e+00 9.184113417869154139e-01
2.123577649551418797e-05 0.000000000000000000e+00 9.194173233355362740e-01
1.918254507286084695e-05 0.000000000000000000e+00 9.204112015005181391e-01
1.717553738400374495e-05 0.000000000000000000e+00 9.213931036386907580e-01
1.521453868549008163e-05 0.000000000000000000e+00 9.223631571001045248e-01
1.329929538417994799e-05 0.000000000000000000e+00 9.233214892303238663e-01
1.142951746042741772e-05 0.000000000000000000e+00 9.242682274125505471e-01
9.604880922936903328e-06 0.000000000000000000e+00 9.252034990467675746e-01
7.825030366646064086e-06 0.000000000000000000e+00 9.261274314147591724e-01
6.089581064383069830e-06 0.000000000000000000e+00 9.270401517615061149e-01
4.398120571917899593e-06 0.000000000000000000e+00 9.279417875725034515e-01
2.750211120731620944e-06 0.000000000000000000e+00 9.288324664044111945e-01
1.145392296798990382e-06 0.000000000000000000e+00 9.297123154932295241e-01
-4.168174220496079287e-07 0.000000000000000000e+00 9.305814619604276805e-01
-1.936919550499446642e-06 0.000000000000000000e+00 9.314400331810955835e-01
-3.415433585020011272e-06 0.000000000000000000e+00 9.322881566512923879e-01
-4.852894993299280980e-06 0.000000000000000000e+00 9.331259598008763145e-01
-6.249853640665367719e-06 0.000000000000000000e+00 9.339535700124045325e-01
-7.606872239435765156e-06 0.000000000000000000e+00 9.347711145921941966e-01
-8.924524897342719543e-06 0.000000000000000000e+00 9.355787207795300819e-01
-1.020339594071827515e-05 0.000000000000000000e+00 9.363765158926247167e-01
-1.144407866489788959e-05 0.000000000000000000e+00 9.371646273733438282e-01
-1.264717379638739818e-05 0.000000000000000000e+00 9.379431826450722598e-01
-1.381328819236200822e-05 0.000000000000000000e+00 9.387123090449273066e-01
-1.494303376102198885e-05 0.000000000000000000e+00 9.394721338960398960e-01
-1.603702644120026530e-05 0.000000000000000000e+00 9.402227845439780074e-01
-1.709588510802004404e-05 0.000000000000000000e+00 9.409643883460981906e-01
-1.812023055087181610e-05 0.000000000000000000e+00 9.416970726618915100e-01
-1.911068453030938073e-05 0.000000000000000000e+00 9.424209648538109940e-01
-2.006786883625670328e-05 0.000000000000000000e+00 9.431361922829809563e-01
-2.099240444784699028e-05 0.000000000000000000e+00 9.438428823032303239e-01
-2.188491069441813732e-05 0.000000000000000000e+00 9.445411622660953022e-01
-2.274600449271144519e-05 0.000000000000000000e+00 9.452311595257759658e-01
-2.357629962400307412e-05 0.000000000000000000e+00 9.459130014401885278e-01
-2.437640283967207650e-05 0.000000000000000000e+00 9.465868126669940708e-01
-2.514686473945977271e-05 0.000000000000000000e+00 9.472526723393794867e-01
-2.588821921529535413e-05 0.000000000000000000e+00 9.479106439039133303e-01
-2.660100670447794734e-05 0.000000000000000000e+00 9.485607949668499739e-01
-2.728576866140152777e-05 0.000000000000000000e+00 9.492031931351335716e-01
-2.794304700046133330e-05 0.000000000000000000e+00 9.498379060158754772e-01
-2.857338359487439326e-05 0.000000000000000000e+00 9.504650012159430172e-01
-2.917731980567154031e-05 0.000000000000000000e+00 9.510845463416903733e-01
-2.975539599084917321e-05 0.000000000000000000e+00 9.516966089994840505e-01
-3.030815107442046542e-05 0.000000000000000000e+00 9.523012567961208763e-01
-3.083612213026490687e-05 0.000000000000000000e+00 9.528985573389784358e-01
-3.133984395291765471e-05 0.000000000000000000e+00 9.534885782354834971e-01
-3.181984868430390594e-05 0.000000000000000000e+00 9.540713870926936790e-01
-3.227666545283353050e-05 0.000000000000000000e+00 9.546470515171436855e-01
-3.271082000192172124e-05 0.000000000000000000e+00 9.552156391153950876e-01
-3.312283436716385317e-05 0.000000000000000000e+00 9.557772174942270604e-01
-3.351322657171265407e-05 0.000000000000000000e+00 9.563318542607790462e-01
-3.388251030543755352e-05 0.000000000000000000e+00 9.568796170222563235e-01
-3.423119464448865564e-05 0.000000000000000000e+00 9.574205733858834888e-01
-3.455978379980081890e-05 0.000000000000000000e+00 9.579547909588693733e-01
-3.486877684606811740e-05 0.000000000000000000e+00 9.584823373484397946e-01
-3.515866747898440829e-05 0.000000000000000000e+00 9.590032801618412206e-01
-3.542994380653468456e-05 0.000000000000000000e+00 9.595176870061532526e-01
-3.568308813241146099e-05 0.000000000000000000e+00 9.600256254883658968e-01
-3.591857674654451557e-05 0.000000000000000000e+00 9.605271632155174544e-01
-3.613687974680641050e-05 0.000000000000000000e+00 9.610223677947773435e-01
-3.633846087822663811e-05 0.000000000000000000e+00 9.615113068335777724e-01
-3.652377735723582155e-05 0.000000000000000000e+00 9.619940479394190058e-01
-3.669327972047457559e-05 0.000000000000000000e+00 9.624706587198144092e-01
-3.684741169797631661e-05 0.000000000000000000e+00 9.629412067821672139e-01
-3.698661008843552172e-05 0.000000000000000000e+00 9.634057597337573053e-01
-3.711130463111707550e-05 0.000000000000000000e+00 9.638643851818955444e-01
-3.722191790041512861e-05 0.000000000000000000e+00 9.643171507339265425e-01
-3.731886522068356902e-05 0.000000000000000000e+00 9.647641239972580829e-01
-3.740255457764521196e-05 0.000000000000000000e+00 9.652053725793509065e-01
-3.747338653179155797e-05 0.000000000000000000e+00 9.656409640876948419e-01
-3.753175415032173050e-05 0.000000000000000000e+00 9.660709661298040318e-01
-3.757804295586073635e-05 0.000000000000000000e+00 9.664954463132283680e-01
-3.761263087432777937e-05 0.000000000000000000e+00 9.669144722455501606e-01
-3.763588818204229876e-05 0.000000000000000000e+00 9.673281115343715930e-01
-3.764817746911222352e-05 0.000000000000000000e+00 9.677364317873166089e-01
-3.764985361496083247e-05 0.000000000000000000e+00 9.681395006119650759e-01
-3.764126377146685481e-05 0.000000000000000000e+00 9.685373856157829531e-01
-3.762274733788881865e-05 0.000000000000000000e+00 9.689301544062518534e-01
-3.759463595023501795e-05 0.000000000000000000e+00 9.693178745908826999e-01
-3.755725347877072161e-05 0.000000000000000000e+00 9.697006137772465895e-01
-3.751091603754345201e-05 0.000000000000000000e+00 9.700784395732999776e-01
-3.745593198948971280e-05 0.000000000000000000e+00 9.704514195872365745e-01
-3.739260195454134487e-05 0.000000000000000000e+00 9.708196214272348801e-01
-3.732121882795704729e-05 0.000000000000000000e+00 9.711831127014524112e-01
-3.724206780468326177e-05 0.000000000000000000e+00 9.715419610178394061e-01
-3.715542641402960755e-05 0.000000000000000000e+00 9.718962339830488073e-01
-3.706156454615302680e-05 0.000000000000000000e+00 9.722459992032770337e-01
-3.696074448423511605e-05 0.000000000000000000e+00 9.725913242848507334e-01
-3.685322094421768192e-05 0.000000000000000000e+00 9.729322768342182348e-01
-3.673924111837816801e-05 0.000000000000000000e+00 9.732689244582438670e-01
-3.661904472479613517e-05 0.000000000000000000e+00 9.736013347673979634e-01
-3.649286405579054240e-05 0.000000000000000000e+00 9.739295753742260864e-01
-3.636092402851945544e-05 0.000000000000000000e+00 9.742537138909737049e-01
-3.622344224037432104e-05 0.000000000000000000e+00 9.745738179295631021e-01
-3.608062902694022248e-05 0.000000000000000000e+00 9.748899551015990372e-01
-3.593268752828400036e-05 0.000000000000000000e+00 9.752021930126196780e-01
-3.577981376018014186e-05 0.000000000000000000e+00 9.755105992536569071e-01
-3.562219666444693336e-05 0.000000000000000000e+00 9.758152414146632481e-01
-3.546001817257320372e-05 0.000000000000000000e+00 9.761161870868972912e-01
-3.529347829254935397e-05 0.000000000000000000e+00 9.764134600353137072e-01
-3.512279407277063217e-05 0.000000000000000000e+00 9.767070498614452978e-01
-3.494815709695219848e-05 0.000000000000000000e+00 9.769969871749880630e-01
-3.476975504747258219e-05 0.000000000000000000e+00 9.772833027520159144e-01
-3.458777180025163786e-05 0.000000000000000000e+00 9.775660273698496550e-01
-3.440238743450948296e-05 0.000000000000000000e+00 9.778451918046225932e-01
-3.421377824316102867e-05 0.000000000000000000e+00 9.781208268313310583e-01
-3.402211674474151941e-05 0.000000000000000000e+00 9.783929632238842489e-01
-3.382757169817274300e-05 0.000000000000000000e+00 9.786616317535488108e-01
-3.363030812485072257e-05 0.000000000000000000e+00 9.789268631804429743e-01
-3.343048731890703283e-05 0.000000000000000000e+00 9.791886882605965736e-01
-3.322826686110008621e-05 0.000000000000000000e+00 9.794471377503017884e-01
-3.302380063767512778e-05 0.000000000000000000e+00 9.797022424061068158e-01
-3.281723886046152174e-05 0.000000000000000000e+00 9.799540329848058784e-01
-3.260872808815407472e-05 0.000000000000000000e+00 9.802025402434285661e-01
-3.239841124901126230e-05 0.000000000000000000e+00 9.804477949396023240e-01
-3.218642766565707198e-05 0.000000000000000000e+00 9.806898278332712993e-01
-3.197291307848175202e-05 0.000000000000000000e+00 9.809286696851432508e-01
-3.175799967061133304e-05 0.000000000000000000e+00 9.811643512558697600e-01
-3.154181609442719287e-05 0.000000000000000000e+00 9.813969033060563341e-01
-3.132448749901769639e-05 0.000000000000000000e+00 9.816263565962587423e-01
-3.110613555849972469e-05 0.000000000000000000e+00 9.818527418869850143e-01
-3.088687850117503310e-05 0.000000000000000000e+00 9.820760899387002141e-01
-3.066683114046163118e-05 0.000000000000000000e+00 9.822964315116498035e-01
-3.044610490663285260e-05 0.000000000000000000e+00 9.825137973656755674e-01
-3.022480787623812982e-05 0.000000000000000000e+00 9.827282182605779903e-01
-3.000304480391907281e-05 0.000000000000000000e+00 9.829397249561661054e-01
-2.978091715515886976e-05 0.000000000000000000e+00 9.831483482122564954e-01
-2.955852313962837496e-05 0.000000000000000000e+00 9.833541187886758461e-01
-2.933595774510267006e-05 0.000000000000000000e+00 9.835570674452586148e-01
-2.911331277191142212e-05 0.000000000000000000e+00 9.837572249418453652e-01
-2.889067686798056880e-05 0.000000000000000000e+00 9.839546220382854314e-01
-2.866813556538100406e-05 0.000000000000000000e+00 9.841492894944665615e-01
-2.844577131562754793e-05 0.000000000000000000e+00 9.843412580702980419e-01
-2.822366352503141159e-05 0.000000000000000000e+00 9.845305585256933778e-01
-2.800188859128870710e-05 0.000000000000000000e+00 9.847172216205627437e-01
-2.778051994040401285e-05 0.000000000000000000e+00 9.849012781148204221e-01
-2.755962806392764952e-05 0.000000000000000000e+00 9.850827587683793629e-01
-2.733928055645221936e-05 0.000000000000000000e+00 9.852616943411531825e-01
-2.711954215335570306e-05 0.000000000000000000e+00 9.854381155930558300e-01
-2.690047476875328603e-05 0.000000000000000000e+00 9.856120532840009218e-01
-2.668213753385984642e-05 0.000000000000000000e+00 9.857835381738904168e-01
-2.646458683612785449e-05 0.000000000000000000e+00 9.859526010225657666e-01
-2.624787635679797626e-05 0.000000000000000000e+00 9.861192725898572098e-01
-2.603205710907143656e-05 0.000000000000000000e+00 9.862835836356019792e-01
-2.581717747670684047e-05 0.000000000000000000e+00 9.864455649196431919e-01
-2.560328325266624135e-05 0.000000000000000000e+00 9.866052472018286279e-01
-2.539041767778164592e-05 0.000000000000000000e+00 9.867626612420120624e-01
-2.517862147942247493e-05 0.000000000000000000e+00 9.869178378000529328e-01
-2.496793291013963212e-05 0.000000000000000000e+00 9.870708076358115646e-01
-2.475838778624999621e-05 0.000000000000000000e+00 9.872216015091557217e-01
-2.455001952636185110e-05 0.000000000000000000e+00 9.873702501799549447e-01
-2.434285918982008161e-05 0.000000000000000000e+00 9.875167844080948720e-01
-2.413693551526216460e-05 0.000000000000000000e+00 9.876612349536212365e-01
-2.393227495866604527e-05 0.000000000000000000e+00 9.878036325766689218e-01
-2.372890173117386153e-05 0.000000000000000000e+00 9.879440080373540489e-01
-2.352683783691922580e-05 0.000000000000000000e+00 9.880823920957736428e-01
-2.332610311066266417e-05 0.000000000000000000e+00 9.882188155120061879e-01
-2.312671525520128041e-05 0.000000000000000000e+00 9.883533090461136261e-01
-2.292868987854295519e-05 0.000000000000000000e+00 9.884859034581413573e-01
-2.273204053082423639e-05 0.000000000000000000e+00 9.886166295081195710e-01
-2.253677874095138519e-05 0.000000000000000000e+00 9.887455179560630247e-01
-2.234291405294643791e-05 0.000000000000000000e+00 9.888725995619739306e-01
-2.215045406198565926e-05 0.000000000000000000e+00 9.889979050858410670e-01
-2.195940445010807974e-05 0.000000000000000000e+00 9.891214652876405555e-01
-2.176976902158612784e-05 0.000000000000000000e+00 9.892433109273366387e-01
-2.158154973824170654e-05 0.000000000000000000e+00 9.893634727647871996e-01
-2.139474682609859859e-05 0.000000000000000000e+00 9.894819815143025554e-01
-2.120939501826414139e-05 0.000000000000000000e+00 9.895988450861238350e-01
-2.102554433240664611e-05 0.000000000000000000e+00 9.897140613009677290e-01
-2.084322394610965267e-05 0.000000000000000000e+00 9.898276406283121887e-01
-2.066246208163095393e-05 0.000000000000000000e+00 9.899395935376501532e-01
-2.048328601497269232e-05 0.000000000000000000e+00 9.900499304984879956e-01
-2.030572208501445864e-05 0.000000000000000000e+00 9.901586619803467437e-01
-2.012979570271431287e-05 0.000000000000000000e+00 9.902657984527587498e-01
-1.995553136036528214e-05 0.000000000000000000e+00 9.903713503852681344e-01
-1.978295264090783751e-05 0.000000000000000000e+00 9.904753282474324516e-01
-1.961208222730166298e-05 0.000000000000000000e+00 9.905777425088181376e-01
-1.944294191194027423e-05 0.000000000000000000e+00 9.906786036390025085e-01
-1.927555260611831607e-05 0.000000000000000000e+00 9.907779221075720955e-01
-1.910993434953738964e-05 0.000000000000000000e+00 9.908757083841234214e-01
-1.894610631985940165e-05 0.000000000000000000e+00 9.909719729382618914e-01
-1.878408684229838577e-05 0.000000000000000000e+00 9.910667262396024579e-01
-1.862389339924640187e-05 0.000000000000000000e+00 9.911599787578507792e-01
-1.846554263993512252e-05 0.000000000000000000e+00 9.912517409627753517e-01
-1.830905039010884415e-05 0.000000000000000000e+00 9.913420233241396762e-01
-1.815443166173383267e-05 0.000000000000000000e+00 9.914308363117011469e-01
-1.800170066274090652e-05 0.000000000000000000e+00 9.915181903952094977e-01
-1.785087080677976649e-05 0.000000000000000000e+00 9.916040960444075791e-01
-1.770195472299547712e-05 0.000000000000000000e+00 9.916885637290329125e-01
-1.755496426582258665e-05 0.000000000000000000e+00 9.917716039188164689e-01
-1.740991052479313499e-05 0.000000000000000000e+00 9.918532270834827802e-01
-1.726680383435014705e-05 0.000000000000000000e+00 9.919334436927520482e-01
-1.712565378367858853e-05 0.000000000000000000e+00 9.920122642163382576e-01
-1.698646922653281155e-05 0.000000000000000000e+00 9.920896991239499529e-01
-1.684925829107467292e-05 0.000000000000000000e+00 9.921657588852904608e-01
-1.671402838970482198e-05 0.000000000000000000e+00 9.922404539700609982e-01
-1.658078622890717498e-05 0.000000000000000000e+00 9.923137948479546777e-01
-1.644953781907302682e-05 0.000000000000000000e+00 9.923857919886620582e-01
-1.632028848433019757e-05 0.000000000000000000e+00 9.924564558618692578e-01
-1.619304287235717293e-05 0.000000000000000000e+00 9.925257969372595079e-01
-1.606780496419846102e-05 0.000000000000000000e+00 9.925938256845098229e-01
-1.594457808405110605e-05 0.000000000000000000e+00 9.926605525732953295e-01
-1.582336490905013806e-05 0.000000000000000000e+00 9.927259880732871578e-01
-1.570416747903074286e-05 0.000000000000000000e+00 9.927901426541534402e-01
-1.558698720627628984e-05 0.000000000000000000e+00 9.928530267855592006e-01
-1.547182488526360533e-05 0.000000000000000000e+00 9.929146509371716833e-01
-1.535868070235211466e-05 0.000000000000000000e+00 9.929750255786587987e-01
-1.524755424544487639e-05 0.000000000000000000e+00 9.930341611796829060e-01
-1.513844451363862704e-05 0.000000000000000000e+00 9.930920682099044772e-01
-1.503134992684756788e-05 0.000000000000000000e+00 9.931487571389786551e-01
-1.492626833538789508e-05 0.000000000000000000e+00 9.932042384365600274e-01
-1.482319702954552981e-05 0.000000000000000000e+00 9.932585225722979638e-01
-1.472213274909633998e-05 0.000000000000000000e+00 9.933116200158389475e-01
-1.462307169279296348e-05 0.000000000000000000e+00 9.933635412368282402e-01
-1.452600952781996587e-05 0.000000000000000000e+00 9.934142967049078843e-01
-1.443094139920631956e-05 0.000000000000000000e+00 9.934638968897164801e-01
-1.433786193919180942e-05 0.000000000000000000e+00 9.935123522608919622e-01
-1.424676527656145277e-05 0.000000000000000000e+00 9.935596732880687121e-01
-1.415764504592460297e-05 0.000000000000000000e+00 9.936058704408801123e-01
-1.407049439695639571e-05 0.000000000000000000e+00 9.936509541889568808e-01
-1.398530600358712811e-05 0.000000000000000000e+00 9.936949350019290694e-01
-1.390207207314661979e-05 0.000000000000000000e+00 9.937378233494239543e-01
-1.382078435545396390e-05 0.000000000000000000e+00 9.937796297010675906e-01
-1.374143415185888564e-05 0.000000000000000000e+00 9.938203645264843678e-01
-1.366401232422817732e-05 0.000000000000000000e+00 9.938600382952981205e-01
-1.358850930387744056e-05 0.000000000000000000e+00 9.938986614771307959e-01
-1.351491510044733431e-05 0.000000000000000000e+00 9.939362445416035641e-01
-1.344321931072458274e-05 0.000000000000000000e+00 9.939727979583353745e-01
-1.337341112739963519e-05 0.000000000000000000e+00 9.940083321969456209e-01
-1.330547934776644333e-05 0.000000000000000000e+00 9.940428577270521426e-01
-1.323941238236464350e-05 0.000000000000000000e+00 9.940763850182714467e-01
-1.317519826355402204e-05 0.000000000000000000e+00 9.941089245402204844e-01
-1.311282465402708633e-05 0.000000000000000000e+00 9.941404867625143194e-01
-1.305227885525949067e-05 0.000000000000000000e+00 9.941710821547676824e-01
-1.299354781589056674e-05 0.000000000000000000e+00 9.942007211865947491e-01
-1.293661814003893736e-05 0.000000000000000000e+00 9.942294143276090290e-01
-1.288147609554779276e-05 0.000000000000000000e+00 9.942571720474242536e-01
-1.282810762216751512e-05 0.000000000000000000e+00 9.942840048156523780e-01
-1.277649833965832120e-05 0.000000000000000000e+00 9.943099231019060236e-01
-1.272663355582775290e-05 0.000000000000000000e+00 9.943349373757969234e-01
-1.267849827449635974e-05 0.000000000000000000e+00 9.943590581069366996e-01
-1.263207720338605235e-05 0.000000000000000000e+00 9.943822957649366412e-01
-1.258735476193827245e-05 0.000000000000000000e+00 9.944046608194072601e-01
-1.254431508905256041e-05 0.000000000000000000e+00 9.944261637399598452e-01
-1.250293531344072464e-05 0.000000000000000000e+00 9.944468183576055109e-01
-1.246320988396975607e-05 0.000000000000000000e+00 9.944666297255420062e-01
-1.242515012146818292e-05 0.000000000000000000e+00 9.944855943836117262e-01
-1.238876718964008772e-05 0.000000000000000000e+00 9.945037088687928017e-01
-1.235407208658614487e-05 0.000000000000000000e+00 9.945209697180654729e-01
-1.232107564206917635e-05 0.000000000000000000e+00 9.945373734684094247e-01
-1.228978851476705281e-05 0.000000000000000000e+00 9.945529166568025659e-01
-1.226022118951229616e-05 0.000000000000000000e+00 9.945675958202255806e-01
-1.223238397454487901e-05 0.000000000000000000e+00 9.945814074956561557e-01
-1.220628699874283517e-05 0.000000000000000000e+00 9.945943482200750863e-01
-1.218194020886339037e-05 0.000000000000000000e+00 9.946064145304602810e-01
-1.215935336677100118e-05 0.000000000000000000e+00 9.946176029637903149e-01
-1.213853604665895480e-05 0.000000000000000000e+00 9.946279100570454279e-01
-1.211949763228435368e-05 0.000000000000000000e+00 9.946373323472026406e-01
-1.210224731417351834e-05 0.000000000000000000e+00 9.946458663712429704e-01
-1.208679408685230486e-05 0.000000000000000000e+00 9.946535086661445479e-01
-1.207314674605431983e-05 0.000000000000000000e+00 9.946602557688856150e-01
-1.206131388592940299e-05 0.000000000000000000e+00 9.946661042164470778e-01
-1.205130389625963664e-05 0.000000000000000000e+00 9.946710505458081775e-01
-1.204312495966536847e-05 0.000000000000000000e+00 9.946750912939492650e-01
-1.203678504880984531e-05 0.000000000000000000e+00 9.946782229978494705e-01
-1.203229192360825987e-05 0.000000000000000000e+00 9.946804421944877017e-01
-1.202965312842023973e-05 0.000000000000000000e+00 9.946817454208453091e-01
