-7.902199212185299082e+00
-7.886331342281312828e+00
-7.870463472377326575e+00
-7.854595602473339433e+00
-7.838727732569353179e+00
-7.822859862665366926e+00
-7.806991992761379784e+00
-7.791124122857393530e+00
-7.775256252953407277e+00
-7.759388383049420135e+00
-7.743520513145433881e+00
-7.727652643241447628e+00
-7.711784773337460486e+00
-7.695916903433474232e+00
-7.680049033529487978e+00
-7.664181163625500837e+00
-7.648313293721514583e+00
-7.632445423817528329e+00
-7.616577553913542076e+00
-7.600709684009554934e+00
-7.584841814105568680e+00
-7.568973944201582427e+00
-7.553106074297595285e+00
-7.537238204393609031e+00
-7.521370334489622778e+00
-7.505502464585635636e+00
-7.489634594681649382e+00
-7.473766724777663129e+00
-7.457898854873675987e+00
-7.442030984969689733e+00
-7.426163115065703479e+00
-7.410295245161716338e+00
-7.394427375257730084e+00
-7.378559505353743830e+00
-7.362691635449756689e+00
-7.346823765545770435e+00
-7.330955895641784181e+00
-7.315088025737797039e+00
-7.299220155833810786e+00
-7.283352285929824532e+00
-7.267484416025837390e+00
-7.251616546121851137e+00
-7.235748676217864883e+00
-7.219880806313877741e+00
-7.204012936409891488e+00
-7.188145066505905234e+00
-7.172277196601918092e+00
-7.156409326697931839e+00
-7.140541456793945585e+00
-7.124673586889958443e+00
-7.108805716985972190e+00
-7.092937847081985936e+00
-7.077069977177998794e+00
-7.061202107274012540e+00
-7.045334237370026287e+00
-7.029466367466039145e+00
-7.013598497562052891e+00
-6.997730627658066638e+00
-6.981862757754079496e+00
-6.965994887850093242e+00
-6.950127017946106989e+00
-6.934259148042119847e+00
-6.918391278138133593e+00
-6.902523408234147340e+00
-6.886655538330160198e+00
-6.870787668426173944e+00
-6.854919798522187691e+00
-6.839051928618200549e+00
-6.823184058714214295e+00
-6.807316188810228041e+00
-6.791448318906240900e+00
-6.775580449002254646e+00
-6.759712579098268392e+00
-6.743844709194281251e+00
-6.727976839290294997e+00
-6.712108969386308743e+00
-6.696241099482321601e+00
-6.680373229578335348e+00
-6.664505359674349094e+00
-6.648637489770361952e+00
-6.632769619866375699e+00
-6.616901749962389445e+00
-6.601033880058402303e+00
-6.585166010154416050e+00
-6.569298140250429796e+00
-6.553430270346443542e+00
-6.537562400442456401e+00
-6.521694530538470147e+00
-6.505826660634483893e+00
-6.489958790730496752e+00
-6.474090920826510498e+00
-6.458223050922524244e+00
-6.442355181018537102e+00
-6.426487311114550849e+00
-6.410619441210564595e+00
-6.394751571306577453e+00
-6.378883701402591200e+00
-6.363015831498604946e+00
-6.347147961594617804e+00
-6.331280091690631551e+00
-6.315412221786645297e+00
-6.299544351882658155e+00
-6.283676481978671902e+00
-6.267808612074685648e+00
-6.251940742170698506e+00
-6.236072872266712253e+00
-6.220205002362725999e+00
-6.204337132458738857e+00
-6.188469262554752603e+00
-6.172601392650766350e+00
-6.156733522746779208e+00
-6.140865652842792954e+00
-6.124997782938806701e+00
-6.109129913034819559e+00
-6.093262043130833305e+00
-6.077394173226847052e+00
-6.061526303322859910e+00
-6.045658433418873656e+00
-6.029790563514887403e+00
-6.013922693610900261e+00
-5.998054823706914007e+00
-5.982186953802927754e+00
-5.966319083898940612e+00
-5.950451213994954358e+00
-5.934583344090968104e+00
-5.918715474186980963e+00
-5.902847604282994709e+00
-5.886979734379008455e+00
-5.871111864475021314e+00
-5.855243994571035060e+00
-5.839376124667048806e+00
-5.823508254763061665e+00
-5.807640384859075411e+00
-5.791772514955089157e+00
-5.775904645051102015e+00
-5.760036775147115762e+00
-5.744168905243129508e+00
-5.728301035339142366e+00
-5.712433165435156113e+00
-5.696565295531169859e+00
-5.680697425627182717e+00
-5.664829555723196464e+00
-5.648961685819210210e+00
-5.633093815915223068e+00
-5.617225946011236815e+00
-5.601358076107250561e+00
-5.585490206203264307e+00
-5.569622336299277165e+00
-5.553754466395290912e+00
-5.537886596491304658e+00
-5.522018726587317516e+00
-5.506150856683331263e+00
-5.490282986779345009e+00
-5.474415116875357867e+00
-5.458547246971371614e+00
-5.442679377067385360e+00
-5.426811507163398218e+00
-5.410943637259411965e+00
-5.395075767355425711e+00
-5.379207897451438569e+00
-5.363340027547452316e+00
-5.347472157643466062e+00
-5.331604287739478920e+00
-5.315736417835492666e+00
-5.299868547931506413e+00
-5.284000678027519271e+00
-5.268132808123533017e+00
-5.252264938219546764e+00
-5.236397068315559622e+00
-5.220529198411573368e+00
-5.204661328507587115e+00
-5.188793458603599973e+00
-5.172925588699613719e+00
-5.157057718795627466e+00
-5.141189848891640324e+00
-5.125321978987654070e+00
-5.109454109083667817e+00
-5.093586239179680675e+00
-5.077718369275694421e+00
-5.061850499371708167e+00
-5.045982629467721026e+00
-5.030114759563734772e+00
-5.014246889659748518e+00
-4.998379019755761377e+00
-4.982511149851775123e+00
-4.966643279947788869e+00
-4.950775410043801728e+00
-4.934907540139815474e+00
-4.919039670235829220e+00
-4.903171800331842078e+00
-4.887303930427855825e+00
-4.871436060523869571e+00
-4.855568190619882429e+00
-4.839700320715896176e+00
-4.823832450811909922e+00
-4.807964580907922780e+00
-4.792096711003936527e+00
-4.776228841099950273e+00
-4.760360971195963131e+00
-4.744493101291976878e+00
-4.728625231387990624e+00
-4.712757361484003482e+00
-4.696889491580017229e+00
-4.681021621676030975e+00
-4.665153751772043833e+00
-4.649285881868057579e+00
-4.633418011964071326e+00
-4.617550142060084184e+00
-4.601682272156097930e+00
-4.585814402252111677e+00
-4.569946532348124535e+00
-4.554078662444138281e+00
-4.538210792540152028e+00
-4.522342922636165774e+00
-4.506475052732178632e+00
-4.490607182828192379e+00
-4.474739312924206125e+00
-4.458871443020218983e+00
-4.443003573116232729e+00
-4.427135703212246476e+00
-4.411267833308259334e+00
-4.395399963404273080e+00
-4.379532093500286827e+00
-4.363664223596299685e+00
-4.347796353692313431e+00
-4.331928483788327178e+00
-4.316060613884340036e+00
-4.300192743980353782e+00
-4.284324874076367529e+00
-4.268457004172380387e+00
-4.252589134268394133e+00
-4.236721264364407880e+00
-4.220853394460420738e+00
-4.204985524556434484e+00
-4.189117654652448230e+00
-4.173249784748461089e+00
-4.157381914844474835e+00
-4.141514044940488581e+00
-4.125646175036501440e+00
-4.109778305132515186e+00
-4.093910435228528932e+00
-4.078042565324541791e+00
-4.062174695420555537e+00
-4.046306825516569283e+00
-4.030438955612582141e+00
-4.014571085708595888e+00
-3.998703215804609190e+00
-3.982835345900622936e+00
-3.966967475996636239e+00
-3.951099606092649541e+00
-3.935231736188663287e+00
-3.919363866284676590e+00
-3.903495996380689892e+00
-3.887628126476703638e+00
-3.871760256572716941e+00
-3.855892386668730243e+00
-3.840024516764743989e+00
-3.824156646860757292e+00
-3.808288776956771038e+00
-3.792420907052784340e+00
-3.776553037148797642e+00
-3.760685167244811389e+00
-3.744817297340824691e+00
-3.728949427436837993e+00
-3.713081557532851740e+00
-3.697213687628865042e+00
-3.681345817724878344e+00
-3.665477947820892091e+00
-3.649610077916905393e+00
-3.633742208012918695e+00
-3.617874338108932442e+00
-3.602006468204945744e+00
-3.586138598300959046e+00
-3.570270728396972792e+00
-3.554402858492986095e+00
-3.538534988588999397e+00
-3.522667118685013143e+00
-3.506799248781026446e+00
-3.490931378877039748e+00
-3.475063508973053494e+00
-3.459195639069066797e+00
-3.443327769165080099e+00
-3.427459899261093845e+00
-3.411592029357107148e+00
-3.395724159453120450e+00
-3.379856289549134196e+00
-3.363988419645147498e+00
-3.348120549741160801e+00
-3.332252679837174547e+00
-3.316384809933187849e+00
-3.300516940029201152e+00
-3.284649070125214898e+00
-3.268781200221228200e+00
-3.252913330317241947e+00
-3.237045460413255249e+00
-3.221177590509268551e+00
-3.205309720605282298e+00
-3.189441850701295600e+00
-3.173573980797308902e+00
-3.157706110893322649e+00
-3.141838240989335951e+00
-3.125970371085349253e+00
-3.110102501181362999e+00
-3.094234631277376302e+00
-3.078366761373389604e+00
-3.062498891469403350e+00
-3.046631021565416653e+00
-3.030763151661429955e+00
-3.014895281757443701e+00
-2.999027411853457004e+00
-2.983159541949470306e+00
-2.967291672045484052e+00
-2.951423802141497355e+00
-2.935555932237510657e+00
-2.919688062333524403e+00
-2.903820192429537705e+00
-2.887952322525551008e+00
-2.872084452621564754e+00
-2.856216582717578056e+00
-2.840348712813591359e+00
-2.824480842909605105e+00
-2.808612973005618407e+00
-2.792745103101632154e+00
-2.776877233197645456e+00
-2.761009363293658758e+00
-2.745141493389672505e+00
-2.729273623485685807e+00
-2.713405753581699109e+00
-2.697537883677712856e+00
-2.681670013773726158e+00
-2.665802143869739460e+00
-2.649934273965753206e+00
-2.634066404061766509e+00
-2.618198534157779811e+00
-2.602330664253793557e+00
-2.586462794349806860e+00
-2.570594924445820162e+00
-2.554727054541833908e+00
-2.538859184637847211e+00
-2.522991314733860513e+00
-2.507123444829874259e+00
-2.491255574925887561e+00
-2.475387705021900864e+00
-2.459519835117914610e+00
-2.443651965213927912e+00
-2.427784095309941215e+00
-2.411916225405954961e+00
-2.396048355501968263e+00
-2.380180485597981566e+00
-2.364312615693995312e+00
-2.348444745790008614e+00
-2.332576875886021917e+00
-2.316709005982035663e+00
-2.300841136078048965e+00
-2.284973266174062267e+00
-2.269105396270076014e+00
-2.253237526366089316e+00
-2.237369656462103062e+00
-2.221501786558116365e+00
-2.205633916654129667e+00
-2.189766046750143413e+00
-2.173898176846156716e+00
-2.158030306942170018e+00
-2.142162437038183764e+00
-2.126294567134197067e+00
-2.110426697230210369e+00
-2.094558827326224115e+00
-2.078690957422237418e+00
-2.062823087518250720e+00
-2.046955217614264466e+00
-2.031087347710277768e+00
-2.015219477806291071e+00
-1.999351607902304595e+00
-1.983483737998318119e+00
-1.967615868094331644e+00
-1.951747998190344946e+00
-1.935880128286358470e+00
-1.920012258382371995e+00
-1.904144388478385519e+00
-1.888276518574398821e+00
-1.872408648670412346e+00
-1.856540778766425870e+00
-1.840672908862439172e+00
-1.824805038958452696e+00
-1.808937169054466221e+00
-1.793069299150479523e+00
-1.777201429246493047e+00
-1.761333559342506572e+00
-1.745465689438519874e+00
-1.729597819534533398e+00
-1.713729949630546923e+00
-1.697862079726560225e+00
-1.681994209822573749e+00
-1.666126339918587274e+00
-1.650258470014600576e+00
-1.634390600110614100e+00
-1.618522730206627624e+00
-1.602654860302641149e+00
-1.586786990398654451e+00
-1.570919120494667975e+00
-1.555051250590681500e+00
-1.539183380686694802e+00
-1.523315510782708326e+00
-1.507447640878721851e+00
-1.491579770974735153e+00
-1.475711901070748677e+00
-1.459844031166762202e+00
-1.443976161262775504e+00
-1.428108291358789028e+00
-1.412240421454802553e+00
-1.396372551550816077e+00
-1.380504681646829379e+00
-1.364636811742842903e+00
-1.348768941838856428e+00
-1.332901071934869730e+00
-1.317033202030883254e+00
-1.301165332126896779e+00
-1.285297462222910081e+00
-1.269429592318923605e+00
-1.253561722414937130e+00
-1.237693852510950432e+00
-1.221825982606963956e+00
-1.205958112702977481e+00
-1.190090242798990783e+00
-1.174222372895004307e+00
-1.158354502991017831e+00
-1.142486633087031134e+00
-1.126618763183044658e+00
-1.110750893279058182e+00
-1.094883023375071707e+00
-1.079015153471085009e+00
-1.063147283567098533e+00
-1.047279413663112058e+00
-1.031411543759125360e+00
-1.015543673855138884e+00
-9.996758039511522975e-01
-9.838079340471658218e-01
-9.679400641431792351e-01
-9.520721942391927595e-01
-9.362043243352061728e-01
-9.203364544312195861e-01
-9.044685845272331104e-01
-8.886007146232465237e-01
-8.727328447192599370e-01
-8.568649748152734613e-01
-8.409971049112868746e-01
-8.251292350073002879e-01
-8.092613651033138122e-01
-7.933934951993272255e-01
-7.775256252953407499e-01
-7.616577553913541632e-01
-7.457898854873675765e-01
-7.299220155833811008e-01
-7.140541456793945141e-01
-6.981862757754080384e-01
-6.823184058714214517e-01
-6.664505359674348650e-01
-6.505826660634483893e-01
-6.347147961594618026e-01
-6.188469262554752159e-01
-6.029790563514887403e-01
-5.871111864475021536e-01
-5.712433165435155669e-01
-5.553754466395290912e-01
-5.395075767355425045e-01
-5.236397068315560288e-01
-5.077718369275694421e-01
-4.919039670235829109e-01
-4.760360971195963797e-01
-4.601682272156097930e-01
-4.443003573116232618e-01
-4.284324874076367307e-01
-4.125646175036501440e-01
-3.966967475996636128e-01
-3.808288776956770816e-01
-3.649610077916905504e-01
-3.490931378877040192e-01
-3.332252679837174325e-01
-3.173573980797309013e-01
-3.014895281757443701e-01
-2.856216582717577834e-01
-2.697537883677712522e-01
-2.538859184637847211e-01
-2.380180485597981899e-01
-2.221501786558116309e-01
-2.062823087518250720e-01
-1.904144388478385408e-01
-1.745465689438520096e-01
-1.586786990398654507e-01
-1.428108291358788917e-01
-1.269429592318923605e-01
-1.110750893279058155e-01
-9.520721942391927040e-02
-7.933934951993272533e-02
-6.347147961594618026e-02
-4.760360971195963520e-02
-3.173573980797309013e-02
-1.586786990398654507e-02
-0.000000000000000000e+00
9.154160141476181192e-03
1.830832028295236238e-02
2.746248042442854531e-02
3.661664056590472477e-02
4.577080070738090423e-02
5.492496084885709062e-02
6.407912099033326314e-02
7.323328113180944954e-02
8.238744127328563593e-02
9.154160141476180845e-02
1.006957615562379948e-01
1.098499216977141812e-01
1.190040818391903538e-01
1.281582419806665263e-01
1.373124021221427127e-01
1.464665622636188991e-01
1.556207224050950855e-01
1.647748825465712719e-01
1.739290426880474305e-01
1.830832028295236169e-01
1.922373629709998033e-01
2.013915231124759897e-01
2.105456832539521761e-01
2.196998433954283625e-01
2.288540035369045211e-01
2.380081636783807075e-01
2.471623238198568939e-01
2.563164839613330526e-01
2.654706441028092390e-01
2.746248042442854254e-01
2.837789643857616118e-01
2.929331245272377982e-01
3.020872846687139845e-01
3.112414448101901709e-01
3.203956049516663573e-01
3.295497650931425437e-01
3.387039252346187301e-01
3.478580853760948610e-01
3.570122455175710474e-01
3.661664056590472338e-01
3.753205658005234202e-01
3.844747259419996066e-01
3.936288860834757930e-01
4.027830462249519794e-01
4.119372063664281658e-01
4.210913665079043522e-01
4.302455266493805386e-01
4.393996867908567250e-01
4.485538469323328559e-01
4.577080070738090423e-01
4.668621672152852287e-01
4.760163273567614151e-01
4.851704874982376015e-01
4.943246476397137879e-01
5.034788077811899187e-01
5.126329679226661051e-01
5.217871280641422915e-01
5.309412882056184779e-01
5.400954483470946643e-01
5.492496084885708507e-01
5.584037686300470371e-01
5.675579287715232235e-01
5.767120889129994099e-01
5.858662490544755963e-01
5.950204091959517827e-01
6.041745693374279691e-01
6.133287294789041555e-01
6.224828896203803419e-01
6.316370497618565283e-01
6.407912099033327147e-01
6.499453700448089011e-01
6.590995301862850875e-01
6.682536903277612739e-01
6.774078504692374603e-01
6.865620106107135356e-01
6.957161707521897220e-01
7.048703308936659084e-01
7.140244910351420948e-01
7.231786511766182812e-01
7.323328113180944676e-01
7.414869714595706540e-01
7.506411316010468404e-01
7.597952917425230268e-01
7.689494518839992132e-01
7.781036120254753996e-01
7.872577721669515860e-01
7.964119323084277724e-01
8.055660924499039588e-01
8.147202525913801452e-01
8.238744127328563316e-01
8.330285728743325180e-01
8.421827330158087044e-01
8.513368931572848908e-01
8.604910532987610772e-01
8.696452134402372636e-01
8.787993735817134500e-01
8.879535337231895253e-01
8.971076938646657117e-01
9.062618540061418981e-01
9.154160141476180845e-01
9.245701742890942709e-01
9.337243344305704573e-01
9.428784945720466437e-01
9.520326547135228301e-01
9.611868148549990165e-01
9.703409749964752029e-01
9.794951351379513893e-01
9.886492952794275757e-01
9.978034554209037621e-01
1.006957615562379837e+00
1.016111775703856024e+00
1.025265935845332210e+00
1.034420095986808397e+00
1.043574256128284583e+00
1.052728416269760769e+00
1.061882576411236956e+00
1.071036736552713142e+00
1.080190896694189329e+00
1.089345056835665515e+00
1.098499216977141701e+00
1.107653377118617888e+00
1.116807537260094074e+00
1.125961697401570261e+00
1.135115857543046447e+00
1.144270017684522633e+00
1.153424177825998820e+00
1.162578337967475006e+00
1.171732498108951193e+00
1.180886658250427379e+00
1.190040818391903565e+00
1.199194978533379752e+00
1.208349138674855938e+00
1.217503298816332125e+00
1.226657458957808311e+00
1.235811619099284497e+00
1.244965779240760684e+00
1.254119939382236870e+00
1.263274099523713057e+00
1.272428259665189243e+00
1.281582419806665429e+00
1.290736579948141616e+00
1.299890740089617802e+00
1.309044900231093989e+00
1.318199060372570175e+00
1.327353220514046361e+00
1.336507380655522548e+00
1.345661540796998734e+00
1.354815700938474921e+00
1.363969861079951107e+00
1.373124021221427071e+00
1.382278181362903258e+00
1.391432341504379444e+00
1.400586501645855630e+00
1.409740661787331817e+00
1.418894821928808003e+00
1.428048982070284190e+00
1.437203142211760376e+00
1.446357302353236562e+00
1.455511462494712749e+00
1.464665622636188935e+00
1.473819782777665122e+00
1.482973942919141308e+00
1.492128103060617494e+00
1.501282263202093681e+00
1.510436423343569867e+00
1.519590583485046054e+00
1.528744743626522240e+00
1.537898903767998426e+00
1.547053063909474613e+00
1.556207224050950799e+00
1.565361384192426986e+00
1.574515544333903172e+00
1.583669704475379358e+00
1.592823864616855545e+00
1.601978024758331731e+00
1.611132184899807918e+00
1.620286345041284104e+00
1.629440505182760290e+00
1.638594665324236477e+00
1.647748825465712663e+00
1.656902985607188850e+00
1.666057145748665036e+00
1.675211305890141222e+00
1.684365466031617409e+00
1.693519626173093595e+00
1.702673786314569782e+00
1.711827946456045968e+00
1.720982106597522154e+00
1.730136266738998341e+00
1.739290426880474527e+00
1.748444587021950714e+00
1.757598747163426900e+00
1.766752907304902864e+00
1.775907067446379051e+00
1.785061227587855237e+00
1.794215387729331423e+00
1.803369547870807610e+00
1.812523708012283796e+00
1.821677868153759983e+00
1.830832028295236169e+00
1.839986188436712355e+00
1.849140348578188542e+00
1.858294508719664728e+00
1.867448668861140915e+00
1.876602829002617101e+00
1.885756989144093287e+00
1.894911149285569474e+00
1.904065309427045660e+00
1.913219469568521847e+00
1.922373629709998033e+00
1.931527789851474219e+00
1.940681949992950406e+00
1.949836110134426592e+00
1.958990270275902779e+00
1.968144430417378965e+00
1.977298590558855151e+00
1.986452750700331338e+00
1.995606910841807524e+00
2.004761070983283489e+00
2.013915231124759675e+00
2.023069391266235861e+00
2.032223551407712048e+00
2.041377711549188234e+00
2.050531871690664421e+00
2.059686031832140607e+00
2.068840191973616793e+00
2.077994352115092980e+00
2.087148512256569166e+00
2.096302672398045353e+00
2.105456832539521539e+00
2.114610992680997725e+00
2.123765152822473912e+00
2.132919312963950098e+00
2.142073473105426284e+00
2.151227633246902471e+00
2.160381793388378657e+00
2.169535953529854844e+00
2.178690113671331030e+00
2.187844273812807216e+00
2.196998433954283403e+00
2.206152594095759589e+00
2.215306754237235776e+00
2.224460914378711962e+00
2.233615074520188148e+00
2.242769234661664335e+00
2.251923394803140521e+00
2.261077554944616708e+00
2.270231715086092894e+00
2.279385875227569080e+00
2.288540035369045267e+00
2.297694195510521453e+00
2.306848355651997640e+00
2.316002515793473826e+00
2.325156675934950012e+00
2.334310836076426199e+00
2.343464996217902385e+00
2.352619156359378572e+00
2.361773316500854758e+00
2.370927476642330944e+00
2.380081636783807131e+00
2.389235796925283317e+00
2.398389957066759504e+00
2.407544117208235690e+00
2.416698277349711876e+00
2.425852437491188063e+00
2.435006597632664249e+00
2.444160757774140436e+00
2.453314917915616622e+00
2.462469078057092808e+00
2.471623238198568995e+00
2.480777398340045181e+00
2.489931558481521368e+00
2.499085718622997554e+00
2.508239878764473740e+00
2.517394038905949927e+00
2.526548199047426113e+00
2.535702359188902300e+00
2.544856519330378486e+00
2.554010679471854672e+00
2.563164839613330859e+00
2.572318999754807045e+00
2.581473159896283232e+00
2.590627320037759418e+00
2.599781480179235604e+00
2.608935640320711791e+00
2.618089800462187977e+00
2.627243960603664164e+00
2.636398120745140350e+00
2.645552280886616536e+00
2.654706441028092723e+00
2.663860601169568909e+00
2.673014761311045095e+00
2.682168921452521282e+00
2.691323081593997468e+00
2.700477241735473655e+00
2.709631401876949841e+00
2.718785562018426027e+00
2.727939722159902214e+00
2.737093882301377956e+00
2.746248042442854143e+00
2.755402202584330329e+00
2.764556362725806515e+00
2.773710522867282702e+00
2.782864683008758888e+00
2.792018843150235075e+00
2.801173003291711261e+00
2.810327163433187447e+00
2.819481323574663634e+00
2.828635483716139820e+00
2.837789643857616007e+00
2.846943803999092193e+00
2.856097964140568379e+00
2.865252124282044566e+00
2.874406284423520752e+00
2.883560444564996939e+00
2.892714604706473125e+00
2.901868764847949311e+00
2.911022924989425498e+00
2.920177085130901684e+00
2.929331245272377870e+00
2.938485405413854057e+00
2.947639565555330243e+00
2.956793725696806430e+00
2.965947885838282616e+00
2.975102045979758802e+00
2.984256206121234989e+00
2.993410366262711175e+00
3.002564526404187362e+00
3.011718686545663548e+00
3.020872846687139734e+00
3.030027006828615921e+00
3.039181166970092107e+00
3.048335327111568294e+00
3.057489487253044480e+00
3.066643647394520666e+00
3.075797807535996853e+00
3.084951967677473039e+00
3.094106127818949226e+00
3.103260287960425412e+00
3.112414448101901598e+00
3.121568608243377785e+00
3.130722768384853971e+00
3.139876928526330158e+00
3.149031088667806344e+00
3.158185248809282530e+00
3.167339408950758717e+00
3.176493569092234903e+00
3.185647729233711090e+00
3.194801889375187276e+00
3.203956049516663462e+00
3.213110209658139649e+00
3.222264369799615835e+00
3.231418529941092022e+00
3.240572690082568208e+00
3.249726850224044394e+00
3.258881010365520581e+00
3.268035170506996767e+00
3.277189330648472954e+00
3.286343490789949140e+00
3.295497650931425326e+00
3.304651811072901513e+00
3.313805971214377699e+00
3.322960131355853886e+00
3.332114291497330072e+00
3.341268451638806258e+00
3.350422611780282445e+00
3.359576771921758631e+00
3.368730932063234818e+00
3.377885092204711004e+00
3.387039252346187190e+00
3.396193412487663377e+00
3.405347572629139563e+00
3.414501732770615750e+00
3.423655892912091936e+00
3.432810053053568122e+00
3.441964213195044309e+00
3.451118373336520495e+00
3.460272533477996681e+00
3.469426693619472868e+00
3.478580853760949054e+00
3.487735013902425241e+00
3.496889174043901427e+00
3.506043334185377613e+00
3.515197494326853800e+00
3.524351654468329542e+00
3.533505814609805729e+00
3.542659974751281915e+00
3.551814134892758101e+00
3.560968295034234288e+00
3.570122455175710474e+00
3.579276615317186661e+00
3.588430775458662847e+00
3.597584935600139033e+00
3.606739095741615220e+00
3.615893255883091406e+00
3.625047416024567593e+00
3.634201576166043779e+00
3.643355736307519965e+00
3.652509896448996152e+00
3.661664056590472338e+00
3.670818216731948525e+00
3.679972376873424711e+00
3.689126537014900897e+00
3.698280697156377084e+00
3.707434857297853270e+00
3.716589017439329456e+00
3.725743177580805643e+00
3.734897337722281829e+00
3.744051497863758016e+00
3.753205658005234202e+00
3.762359818146710388e+00
3.771513978288186575e+00
3.780668138429662761e+00
3.789822298571138948e+00
3.798976458712615134e+00
3.808130618854091320e+00
3.817284778995567507e+00
3.826438939137043693e+00
3.835593099278519880e+00
3.844747259419996066e+00
3.853901419561472252e+00
3.863055579702948439e+00
3.872209739844424625e+00
3.881363899985900812e+00
3.890518060127376998e+00
3.899672220268853184e+00
3.908826380410329371e+00
3.917980540551805557e+00
3.927134700693281744e+00
3.936288860834757930e+00
3.945443020976234116e+00
3.954597181117710303e+00
3.963751341259186489e+00
3.972905501400662676e+00
3.982059661542138862e+00
3.991213821683615048e+00
4.000367981825091235e+00
4.009522141966566977e+00
4.018676302108043608e+00
4.027830462249519350e+00
4.036984622390995980e+00
4.046138782532471723e+00
4.055292942673948353e+00
4.064447102815424095e+00
4.073601262956900726e+00
4.082755423098376468e+00
4.091909583239853099e+00
4.101063743381328841e+00
4.110217903522805472e+00
4.119372063664281214e+00
4.128526223805757844e+00
4.137680383947233587e+00
4.146834544088710217e+00
4.155988704230185959e+00
4.165142864371662590e+00
4.174297024513138332e+00
4.183451184654614963e+00
4.192605344796090705e+00
4.201759504937567336e+00
4.210913665079043078e+00
4.220067825220519708e+00
4.229221985361995451e+00
4.238376145503472081e+00
4.247530305644947823e+00
4.256684465786424454e+00
4.265838625927900196e+00
4.274992786069376827e+00
4.284146946210852569e+00
4.293301106352329199e+00
4.302455266493804942e+00
4.311609426635281572e+00
4.320763586776757315e+00
4.329917746918233945e+00
4.339071907059709687e+00
4.348226067201186318e+00
4.357380227342662060e+00
4.366534387484138691e+00
4.375688547625614433e+00
4.384842707767091063e+00
4.393996867908566806e+00
4.403151028050043436e+00
4.412305188191519179e+00
4.421459348332995809e+00
4.430613508474471551e+00
4.439767668615948182e+00
4.448921828757423924e+00
4.458075988898900555e+00
4.467230149040376297e+00
4.476384309181852927e+00
4.485538469323328670e+00
4.494692629464805300e+00
4.503846789606281042e+00
4.513000949747757673e+00
4.522155109889233415e+00
4.531309270030710046e+00
4.540463430172185788e+00
4.549617590313662419e+00
4.558771750455138161e+00
4.567925910596614791e+00
