1.442786520708933332e-02
1.443299526435989910e-02
1.444838900444448369e-02
1.447405713464362462e-02
1.451001750873315288e-02
1.455629513938258915e-02
1.461292221555299080e-02
1.467993812488639464e-02
1.475738948110232908e-02
1.484533015642058688e-02
1.494382131903267130e-02
1.505293147564805943e-02
1.517273651914487209e-02
1.530331978135809207e-02
1.544477209104198542e-02
1.559719183704718314e-02
1.576068503675616059e-02
1.593536540982495517e-02
1.612135445728221650e-02
1.631878154604070666e-02
1.652778399887997948e-02
1.674850718996294396e-02
1.698110464595255567e-02
1.722573815279915960e-02
1.748257786827264043e-02
1.775180244031768217e-02
1.803359913131451220e-02
1.832816394833149468e-02
1.863570177946018147e-02
1.895642653632771332e-02
1.929056130288554424e-02
1.963833849057826375e-02
2.000000000000008715e-02
2.038551704630936143e-02
2.078613864980756454e-02
2.120215508585380701e-02
2.163382035037287113e-02
2.208137438235113770e-02
2.254519347314020566e-02
2.302565978726590218e-02
2.352315548925400235e-02
2.403806274363033679e-02
2.457076371492071185e-02
2.512164056765093037e-02
2.569107546634679870e-02
2.627945057553413011e-02
2.688714805973872746e-02
2.751455008348639014e-02
2.816203881130294184e-02
2.882835966227570088e-02
2.950920785617426947e-02
3.020528917884298184e-02
3.091767007539572218e-02
3.164741699094639898e-02
3.239559637060888952e-02
3.316327465949708148e-02
3.395151830272488680e-02
3.476139374540615501e-02
3.559396743265481888e-02
3.645030580958476263e-02
3.733147532130984964e-02
3.823854241294399187e-02
3.917257352960107353e-02
4.013463511639500658e-02
4.112579361843964748e-02
4.214711548084889431e-02
4.319966714873666597e-02
4.428451506721679809e-02
4.540272568140325121e-02
4.655536543640986791e-02
4.774350077735053932e-02
4.896819814933917742e-02
5.023052399748966640e-02
5.153154476691589048e-02
5.287232690273171998e-02
5.425393685005111544e-02
5.567744105398787779e-02
5.714390595965596065e-02
5.865439801216925514e-02
6.020998365664157609e-02
6.181172933818691179e-02
6.346070150191909787e-02
6.515796659295203241e-02
6.690459105639962045e-02
6.870164133737571843e-02
7.055018388099427995e-02
7.245128513236911982e-02
7.440601153661419165e-02
7.641542953884336575e-02
7.848060558417047083e-02
8.060260611770951600e-02
8.278249758457426055e-02
8.502134642987874136e-02
8.732021909873671772e-02
8.968018203626215712e-02
9.210230168756897151e-02
9.458764449777090633e-02
9.713727691198204006e-02
9.975226537531609039e-02
1.024336763328871219e-01
1.051825762298088940e-01
1.080000315111953185e-01
1.108871086221603491e-01
1.138448740078177868e-01
1.168743941132816266e-01
1.199767353836656836e-01
1.231529642640838140e-01
1.264041471996500410e-01
1.297313506354781099e-01
1.331356410166820436e-01
1.366180847883755878e-01
1.401797483956727652e-01
1.438216982836874602e-01
1.475450008975333904e-01
1.513517174040766022e-01
1.552515539237746545e-01
1.592478087685168242e-01
1.633418348808216014e-01
1.675349852032073927e-01
1.718286126781928547e-01
1.762240702482964494e-01
1.807227108560368889e-01
1.853258874439323578e-01
1.900349529545017901e-01
1.948512603302635093e-01
1.997761625137359776e-01
2.048110124474379345e-01
2.099571630738876482e-01
2.152159673356039138e-01
2.205887781751052212e-01
2.260769485349098384e-01
2.316818313575366439e-01
2.374047795855039888e-01
2.432471461613305019e-01
2.492102840275346454e-01
2.552955461266349646e-01
2.615042854011500051e-01
2.678378547935983400e-01
2.742976072464983206e-01
2.808848957023687420e-01
2.876010731037279000e-01
2.944474923930945343e-01
3.014255065129869959e-01
3.085364684059240248e-01
3.157817310144240830e-01
3.231626472810054662e-01
3.306805701481870807e-01
3.383368525584871112e-01
3.461328474544244083e-01
3.540699077785174342e-01
3.621493864732844292e-01
3.703726364812442995e-01
3.787410107449152852e-01
3.872558622068161815e-01
3.959185438094653398e-01
4.047304084953814440e-01
4.136928092070830676e-01
4.228070988870883395e-01
4.320746304779162217e-01
4.414967569220849541e-01
4.510776820911631124e-01
4.608282861001762876e-01
4.707463840355647355e-01
4.808284172737973261e-01
4.910708271913421519e-01
5.014700551646679161e-01
5.120225425702429334e-01
5.227247307845354074e-01
5.335730611840140414e-01
5.445639751451473165e-01
5.556939140444036029e-01
5.669593192582508268e-01
5.783566321631583573e-01
5.898822941355941207e-01
6.015327465520261541e-01
6.133044307889237157e-01
6.251937882227546206e-01
6.371972602299875721e-01
6.493112881870910513e-01
6.615323134705329844e-01
6.738567774567826296e-01
6.862811215223076911e-01
6.988017870435772050e-01
7.114152153970588754e-01
7.241178479592220718e-01
7.369061261065346091e-01
7.497764912154647465e-01
7.627253846624812983e-01
7.757492478240524125e-01
7.888445220766470145e-01
8.020076487967331413e-01
8.152350693607791632e-01
8.285232251452538943e-01
8.418685575266249277e-01
8.552675078813618548e-01
8.687165175859326016e-01
8.822120280168050943e-01
8.957504805504485912e-01
9.093283165633310183e-01
9.229419774319209679e-01
9.365879045326868102e-01
9.502625392420969153e-01
9.639623229366200974e-01
9.776836969927240606e-01
9.914231027868780632e-01
1.005176981695550031e+00
1.018941775095208557e+00
1.032713924362321789e+00
1.046489870873358541e+00
1.060264313152209814e+00
1.074004868771707644e+00
1.087698379577253016e+00
1.101342084298114088e+00
1.114933221663558349e+00
1.128469030402852624e+00
1.141946749245264181e+00
1.155363616920061398e+00
1.168716872156510656e+00
1.182003753683879888e+00
1.195221500231436362e+00
1.208367350528447570e+00
1.221438543304180779e+00
1.234432317287903480e+00
1.247345911208883384e+00
1.260176563796387095e+00
1.272921513779682767e+00
1.285577999888037670e+00
1.298143260850718850e+00
1.310614535396994018e+00
1.322989062256130222e+00
1.335264080157395838e+00
1.347436827830057027e+00
1.359504544003382165e+00
1.371464467406638299e+00
1.383313836769092475e+00
1.395049890820012406e+00
1.406669868288666247e+00
1.418171007904319714e+00
1.429550548396241405e+00
1.440805728493699034e+00
1.451933786925958980e+00
1.462931962422289178e+00
1.473797493711956896e+00
1.484527619524229847e+00
1.495119578588375076e+00
1.505570609633660073e+00
1.515877951389352774e+00
1.526038842584719557e+00
1.536050521949028802e+00
1.545910228211547555e+00
1.555615200101542861e+00
1.565162676348282433e+00
1.574549895681033762e+00
1.583774096829064337e+00
1.592832518521641205e+00
1.601724220830663681e+00
1.610460593258079331e+00
1.619045356525668389e+00
1.627480021112224673e+00
1.635766097496541560e+00
1.643905096157411094e+00
1.651898527573628428e+00
1.659747902223986049e+00
1.667454730587277556e+00
1.675020523142296547e+00
1.682446790367835510e+00
1.689735042742688709e+00
1.696886790745648854e+00
1.703903544855510876e+00
1.710786815551066375e+00
1.717538113311109838e+00
1.724158948614433307e+00
1.730650831939831491e+00
1.737015273766097323e+00
1.743253784572024401e+00
1.749367874836405878e+00
1.755359055038034688e+00
1.761228835655705538e+00
1.766978727168210916e+00
1.772610240054344199e+00
1.778124884792898763e+00
1.783524171862667984e+00
1.788809611742445460e+00
1.793982714911024789e+00
1.799044991847198238e+00
1.803997953029760293e+00
1.808843108937503885e+00
1.813581970049223280e+00
1.818216046843710743e+00
1.822746849799759872e+00
1.827175889396164710e+00
1.831504676111717522e+00
1.835734720425213018e+00
1.839867532815443019e+00
1.843904623761202899e+00
1.847847503741284036e+00
1.851697683234481140e+00
1.855456672719587363e+00
1.859125982675395639e+00
1.862707123580699342e+00
1.866201605914292738e+00
1.869611640690889809e+00
1.872943634506190280e+00
1.876199736671048557e+00
1.879381086020938563e+00
1.882488821391336886e+00
1.885524081617719672e+00
1.888488005535563730e+00
1.891381731980344760e+00
1.894206399787537798e+00
1.896963147792619431e+00
1.899653114831066247e+00
1.902277439738353060e+00
1.904837261349956901e+00
1.907333718501353026e+00
1.909767950028017802e+00
1.912141094765427596e+00
1.914454291549057663e+00
1.916708679214385036e+00
1.918905396596884527e+00
1.921045582532032725e+00
1.923130375855305552e+00
1.925160915402178485e+00
1.927138340008128781e+00
1.929063788508631694e+00
1.930938399739162925e+00
1.932763312535199063e+00
1.934539665732215807e+00
1.936268598165689303e+00
1.937951248671095250e+00
1.939588756083909793e+00
1.941182259239609520e+00
1.942732896973669021e+00
1.944241808121565773e+00
1.945710131518775032e+00
1.947139006000773165e+00
1.948529570403035871e+00
1.949882963561038851e+00
1.951200324310259138e+00
1.952482791486171543e+00
1.953731503924252877e+00
1.954947600459978840e+00
1.956132219928825577e+00
1.957286501166268788e+00
1.958411583007784618e+00
1.959508604288849654e+00
1.960578703844938708e+00
1.961623020511528814e+00
1.962642693124095672e+00
1.963638860518114981e+00
1.964612387008275229e+00
1.965562364081022695e+00
1.966488896475595105e+00
1.967392372807438949e+00
1.968273181691999385e+00
1.969131711744722235e+00
1.969968351581053989e+00
1.970783489816439360e+00
1.971577515066325725e+00
1.972350815946157798e+00
1.973103781071381402e+00
1.973836799057442581e+00
1.974550258519787604e+00
1.975244548073861850e+00
1.975920056335110253e+00
1.976577171918980858e+00
1.977216283440917488e+00
1.977837779516367078e+00
1.978442048760775229e+00
1.979029479789586876e+00
1.979600461218249174e+00
1.980155381662206615e+00
1.980694629736907020e+00
1.981218594057793769e+00
1.981727663240314463e+00
1.982222225899914259e+00
1.982702670652038979e+00
1.983169386112134447e+00
1.983622760895646930e+00
1.984063183618021586e+00
1.984491042894704460e+00
1.984906727341141597e+00
1.985310625572779042e+00
1.985703126205061952e+00
1.986084617853436374e+00
1.986455489133348351e+00
1.986816128660243930e+00
1.987166925049568267e+00
1.987508266916767408e+00
1.987840542877287620e+00
1.988164141546574282e+00
1.988479451540073217e+00
1.988786861473230694e+00
1.989086759961491868e+00
1.989379535620303452e+00
1.989665577065110158e+00
1.989945272911358476e+00
1.990218657838045635e+00
1.990485359446551472e+00
1.990745474360098299e+00
1.990999107952958980e+00
1.991246365599403489e+00
1.991487352673704914e+00
1.991722174550133229e+00
1.991950936602961297e+00
1.992173744206460206e+00
1.992390702734900598e+00
1.992601917562555114e+00
1.992807494063693952e+00
1.993007537612589974e+00
1.993202153583514269e+00
1.993391447350737922e+00
1.993575524288533352e+00
1.993754489771170313e+00
1.993928449172921891e+00
1.994097507868059616e+00
1.994261771230854352e+00
1.994421344635577409e+00
1.994576333456500317e+00
1.994726843067895050e+00
1.994872978844034028e+00
1.995014846159186339e+00
1.995152550387625068e+00
1.995286196903621745e+00
1.995415891081447457e+00
1.995541738295373735e+00
1.995663843919672331e+00
1.995782313328614554e+00
1.995897251896471714e+00
1.996008764997515783e+00
1.996116958006017628e+00
1.996221936296249666e+00
1.996323805242482541e+00
1.996422670218987783e+00
1.996518636600037144e+00
1.996611809759902822e+00
1.996702295072855238e+00
1.996790197913166365e+00
1.996875623655107512e+00
1.996958677672950433e+00
1.997039465340966657e+00
1.997118092033427272e+00
1.997194663124604253e+00
1.997269283988768684e+00
1.997342060000192543e+00
1.997413096533146915e+00
1.997482498961903330e+00
1.997550372660733542e+00
1.997616823003908859e+00
1.997681955365700812e+00
1.997745875120380932e+00
1.997808672742637848e+00
1.997870116702647580e+00
1.997930110993430208e+00
1.997988678622774072e+00
1.998045842598465516e+00
1.998101625928291769e+00
1.998156051620038953e+00
1.998209142681495853e+00
1.998260922120448813e+00
1.998311412944684839e+00
1.998360638161989833e+00
1.998408620780153022e+00
1.998455383806960528e+00
1.998500950250198471e+00
1.998545343117655415e+00
1.998588585417117702e+00
1.998630700156373008e+00
1.998671710343207231e+00
1.998711638985408268e+00
1.998750509090763128e+00
1.998788343667059486e+00
1.998825165722082353e+00
1.998860998263621180e+00
1.998895864299461644e+00
1.998929786837391198e+00
1.998962788885197739e+00
1.998994893450666499e+00
1.999026123541586264e+00
1.999056502165743376e+00
1.999086052330924179e+00
1.999114797044917680e+00
1.999142759315508888e+00
1.999169962150485924e+00
1.999196428557636684e+00
1.999222181544746402e+00
1.999247244119603195e+00
1.999271639289994074e+00
1.999295390063705824e+00
1.999318519448525677e+00
1.999341050452241308e+00
1.999363006082638394e+00
1.999384409347505498e+00
1.999405283254628740e+00
1.999425650811795574e+00
1.999445535026793008e+00
1.999464958907407830e+00
1.999483945461427936e+00
1.999502517696639226e+00
1.999520698620829817e+00
1.999538511241786054e+00
1.999555978567295611e+00
1.999573123605145053e+00
1.999589969363121611e+00
1.999606538849012294e+00
1.999622855070604777e+00
1.999638941035685402e+00
1.999654819752040957e+00
1.999670514227459783e+00
1.999686047469728001e+00
1.999701442486632841e+00
1.999716722285961090e+00
1.999731909875500646e+00
1.999747028263037851e+00
1.999762100456360159e+00
1.999777149463254577e+00
1.999792198291507894e+00
1.999807269948907562e+00
1.999822387443240146e+00
1.999837446050531042e+00
1.999852209735536679e+00
1.999866689919624019e+00
1.999880905242746865e+00
1.999894874344860796e+00
1.999908615865919614e+00
1.999922148445879344e+00
1.999935490724693343e+00
1.999948661342316969e+00
1.999961678938704024e+00
1.999974562153810975e+00
1.999987329627591182e+00
2.000000000000000000e+00
