1.000000000000000048e-04 5.000046946694011556e-03 1.542336673492350769e+02
1.258925411794167436e-04 5.609828043028303873e-03 1.368687902972390873e+02
1.584893192461114190e-04 6.294324139521074828e-03 1.233634303991114791e+02
1.995262314968878758e-04 7.062319911791610158e-03 1.085895256491077703e+02
2.511886431509579545e-04 7.923803080412166605e-03 9.819747495637525958e+01
3.162277660168379394e-04 8.890486948889459590e-03 8.697899901117361310e+01
3.981071705534973523e-04 9.974870945876693207e-03 7.679230171038383901e+01
5.011872336272725275e-04 1.119150702436940044e-02 6.962143779278210332e+01
6.309573444801929842e-04 1.255645109268683016e-02 6.160566291333934430e+01
7.943282347242813140e-04 1.408771445423172980e-02 5.482237603150321803e+01
1.000000000000000021e-03 1.580545003315322189e-02 4.911014512651696151e+01
1.258925411794167490e-03 1.773226466250264755e-02 4.352624336029651886e+01
1.584893192461114082e-03 1.989350858389583171e-02 3.894505988175427547e+01
1.995262314968878920e-03 2.231744085736130784e-02 3.463375742950090341e+01
2.511886431509579437e-03 2.503572196188467297e-02 3.062673864499644338e+01
3.162277660168379394e-03 2.808385151529773499e-02 2.737386789532126841e+01
3.981071705534973415e-03 3.150079835762324698e-02 2.451581402708195156e+01
5.011872336272724625e-03 3.533097889137702674e-02 2.191161082380051184e+01
6.309573444801930275e-03 3.962278631339700985e-02 1.953202036825216226e+01
7.943282347242813790e-03 4.443045661476773683e-02 1.735672215702546950e+01
1.000000000000000021e-02 4.981363828772872315e-02 1.544428362456436687e+01
1.258925411794167490e-02 5.583833435958707181e-02 1.364860738000951379e+01
1.584893192461113431e-02 6.257615944632594074e-02 1.236530018195938752e+01
1.995262314968879874e-02 7.010576235218182739e-02 1.097424010867523947e+01
2.511886431509579437e-02 7.851160499016485161e-02 9.811560335615286732e+00
3.162277660168379134e-02 8.788397241441678331e-02 8.715140023139797520e+00
3.981071705534973415e-02 9.832034603628417302e-02 7.785790756449724626e+00
5.011872336272722023e-02 1.099089520991588242e-01 6.967412806294348115e+00
6.309573444801933051e-02 1.227577064288474240e-01 6.117540885890756286e+00
7.943282347242813790e-02 1.369588937394096151e-01 5.514339242773676375e+00
1.000000000000000056e-01 1.525738060350438074e-01 4.920111505918065120e+00
1.258925411794167282e-01 1.697137839688171446e-01 4.374649647687780529e+00
1.584893192461113431e-01 1.885253485152697528e-01 3.901844376672779724e+00
1.995262314968879735e-01 2.089262743924210353e-01 3.487201150415010442e+00
2.511886431509580131e-01 2.308859675751681051e-01 3.151044501064228953e+00
3.162277660168379412e-01 2.541569257123114101e-01 2.816723377419097396e+00
3.981071705534972027e-01 2.788759464280504141e-01 2.557418269370833386e+00
5.011872336272722439e-01 3.047887325021104710e-01 2.306423589431512156e+00
6.309573444801932496e-01 3.319530230918551483e-01 2.112465121329634155e+00
7.943282347242814900e-01 3.595544355022121108e-01 1.897584940050818902e+00
1.000000000000000000e+00 3.878328101229459035e-01 1.758111606518353298e+00
1.258925411794167282e+00 4.157868968111847474e-01 1.645451181393087214e+00
1.584893192461113598e+00 4.437547659208970208e-01 1.535546027753811327e+00
1.995262314968879513e+00 4.711237352308246806e-01 1.418583139022878914e+00
2.511886431509580131e+00 4.978635672949094371e-01 1.343506833713587367e+00
3.162277660168379523e+00 5.236724253009735763e-01 1.299055579756714707e+00
3.981071705534972249e+00 5.485239684922695869e-01 1.239668749756894339e+00
5.011872336272721995e+00 5.725373366924468854e-01 1.210230460363675986e+00
6.309573444801933384e+00 5.949048917283144000e-01 1.176588705070128915e+00
7.943282347242815788e+00 6.155373936645941457e-01 1.137813735249410874e+00
1.000000000000000000e+01 6.354045161831964883e-01 1.124254779248379688e+00
1.258925411794167459e+01 6.542759024495043985e-01 1.110916186953091245e+00
1.584893192461113287e+01 6.717225662611487902e-01 1.087967377002739600e+00
1.995262314968879735e+01 6.878565039357036337e-01 1.098927841899437485e+00
2.511886431509579509e+01 7.036227693619726553e-01 1.104788121544306723e+00
3.162277660168379256e+01 7.178106033180894352e-01 1.101112419967912093e+00
3.981071705534973404e+01 7.315222586151125528e-01 1.098643225747721441e+00
5.011872336272722350e+01 7.441547262987554534e-01 1.105010675845927048e+00
6.309573444801932851e+01 7.552611393607324697e-01 1.131165143478646939e+00
7.943282347242814012e+01 7.666436577829088828e-01 1.143171508218108423e+00
1.000000000000000000e+02 7.770441648749494279e-01 1.157514280777272475e+00
1.258925411794167530e+02 7.867030974961333190e-01 1.161551971968926900e+00
1.584893192461114211e+02 7.955967350143006156e-01 1.174661666752061295e+00
1.995262314968878741e+02 8.041782788617294342e-01 1.181110208256804572e+00
2.511886431509579722e+02 8.120962446932833423e-01 1.195104374548626947e+00
3.162277660168379612e+02 8.204574144016252291e-01 1.217673127720872550e+00
3.981071705534973262e+02 8.268600739066228611e-01 1.219818853536305481e+00
5.011872336272724624e+02 8.336166415723698098e-01 1.243586215832037656e+00
6.309573444801930009e+02 8.400762016200412630e-01 1.244684059460257064e+00
7.943282347242812875e+02 8.462979705712956324e-01 1.244684488808721401e+00
1.000000000000000000e+03 8.519846591218658283e-01 1.261709458106634596e+00
1.258925411794167530e+03 8.570038584700357953e-01 1.276686051391707322e+00
1.584893192461114040e+03 8.624577913402720064e-01 1.272643605715842785e+00
1.995262314968878854e+03 8.659084743865026468e-01 1.287271764742335733e+00
2.511886431509579779e+03 8.712130346453383911e-01 1.295313151222139414e+00
3.162277660168379498e+03 8.781412885987228689e-01 1.291519909942076882e+00
3.981071705534973262e+03 8.808714672420809855e-01 1.316467348106339808e+00
5.011872336272725079e+03 8.975650331327074127e-01 1.334449354694841938e+00
6.309573444801930236e+03 8.964246892957966617e-01 1.334095736127853593e+00
7.943282347242813557e+03 8.969686076741753000e-01 1.359838766720919079e+00
